-15.007,167.265,5.5
-20.789,-175.993,6.4
-27.179,-11.334,5.8
-2.257,140.212,5.5
-60.365,154.209,5.9
-32.367,-179.59,5.5
-32.524,-179.643,5.6
4.241,124.64,5.7
-24.71,-70.568,7.0
14.406,-90.84,5.9
-24.69,-70.521,5.9
-9.201,67.12,5.5
-18.179,168.139,6.2
-19.847,133.803,6.3
-19.798,133.91,6.3
-19.829,133.882,6.7
1.785,127.236,5.8
46.183,153.499,5.5
-15.25,-116.194,5.5
26.716,128.019,5.8
-17.763,-178.737,5.9
-10.584,-78.083,5.5
37.312,141.606,5.5
32.665,47.054,5.6
57.765,-32.674,5.5
57.888,-32.653,5.5
5.327,126.369,6.1
45.349,151.806,5.9
-20.003,133.745,5.6
-15.349,-174.125,6.0
-46.252,96.091,5.7
-1.241,145.862,5.7
-21.187,-174.35,5.5
-65.436,179.638,5.5
-9.208,66.978,5.7
-9.171,124.111,5.7
12.951,145.732,5.5
-24.753,-70.433,7.2
-24.893,-70.554,6.5
24.688,91.57,5.9
-6.543,131.907,6.2
-17.756,-66.958,6.5
-16.195,-173.82,6.2
60.296,-152.972,6.5
-31.328,-178.486,5.6
50.785,173.465,6.4
17.737,-100.965,5.9
-24.801,-70.393,5.8
18.607,-62.902,5.5
-35.616,-102.268,5.6
30.105,-113.896,5.8
2.2,-98.805,5.5
23.855,122.477,5.7
49.954,78.91,6.1
-25.216,-70.932,5.6
51.564,175.041,6.0
51.531,174.784,5.6
3.841,126.534,5.7
-23.513,-67.706,5.9
-10.226,161.381,5.9
52.758,158.253,5.5
-7.14,127.004,6.5
46.67,152.59,5.5
-6.893,129.393,5.5
13.284,145.735,5.6
-20.833,-69.785,6.7
-60.574,159.676,5.9
1.366,126.172,5.6
13.477,124.616,7.3
13.318,124.811,5.6
-0.507,-91.653,5.5
13.453,124.632,5.6
-18.011,-69.605,5.5
-37.319,47.989,6.8
-17.871,-172.001,5.5
-21.022,-173.764,5.5
55.149,167.43,6.9
9.729,-84.711,5.5
-17.993,-178.521,5.9
-52.257,114.497,5.7
-3.759,151.233,5.5
45.574,151.307,5.7
56.953,-143.032,7.8
57.499,-142.803,6.2
41.669,152.222,5.6
-2.184,125.31,5.9
51.34,176.862,5.8
-4.662,131.137,5.5
-17.327,-74.154,6.0
10.402,-60.587,6.7
-7.273,122.281,5.6
-20.917,-178.645,6.6
-23.853,-177.651,5.5
9.105,-82.985,6.0
10.144,-60.569,5.8
-0.683,133.518,5.9
-33.673,-72.216,5.9
-37.283,51.848,5.9
-37.473,51.878,5.5
-36.198,78.525,5.5
11.843,143.279,5.6
-3.582,146.488,5.9
10.211,-60.607,5.7
-17.767,-175.034,5.5
-17.579,-178.452,5.9
-21.415,-173.884,5.9
35.633,139.619,5.6
-3.667,146.561,6.2
-3.723,146.57,5.8
29.999,67.91,5.7
-9.991,153.815,5.8
77.601,125.451,6.5
-27.06,-176.08,5.5
-26.885,-176.515,5.5
10.85,-43.556,6.2
52.52,-169.339,5.6
-19.323,-177.493,5.7
10.176,-60.604,5.5
62.154,-124.182,6.2
38.309,73.234,5.5
19.936,-156.445,5.5
-36.039,-102.843,5.9
52.278,-168.182,5.8
30.89,50.194,5.9
5.506,123.882,5.5
-24.926,-70.461,6.2
-18.782,-177.853,5.7
-15.447,-173.081,6.3
49.917,78.945,6.1
4.687,94.419,5.9
30.399,131.084,6.0
-9.364,112.874,5.9
13.295,120.393,5.8
23.992,121.647,5.6
-55.759,-15.768,5.8
13.385,120.386,5.6
-8.823,117.498,5.7
-3.409,145.697,6.4
-3.414,145.659,6.1
-10.917,166.829,5.6
-21.46,-179.336,5.5
-39.2,178.424,5.5
-33.803,56.334,5.7
-17.192,-72.305,7.1
-17.256,-72.518,6.2
-17.489,-72.505,5.5
1.029,127.108,5.8
1.742,126.676,5.7
-17.42,-72.387,5.6
-58.428,-25.066,6.3
-17.979,-178.518,5.5
3.835,126.648,5.7
1.886,127.279,5.9
39.109,44.123,5.5
0.96,-30.267,5.5
-16.767,-177.135,5.5
23.478,121.851,5.5
-7.791,158.255,6.3
22.913,-108.023,5.9
57.534,-143.073,5.8
-18.029,-178.457,5.7
-3.877,-103.788,5.7
-55.897,-27.672,6.2
-22.774,170.278,6.1
-17.328,66.629,5.9
49.928,78.769,6.1
18.512,145.858,6.4
-2.696,140.525,5.7
-18.204,168.169,5.6
-26.867,-113.268,6.3
-26.649,-113.664,6.1
-49.856,115.378,5.7
11.69,142.772,5.6
11.493,-85.911,6.6
-13.39,-76.226,5.9
-32.986,-178.75,5.7
43.305,147.894,5.5
42.601,143.751,6.0
73.364,54.445,5.6
14.942,120.135,5.9
-21.867,-139.072,5.5
-11.125,116.274,5.5
-15.378,-174.965,5.7
43.779,147.737,5.5
-13.941,166.335,6.1
-11.401,170.658,6.2
13.49,-44.857,5.8
52.114,174.176,5.5
-9.409,148.911,5.7
-20.593,-173.124,5.5
-17.473,-69.47,5.7
-15.241,-173.892,5.7
8.116,-38.413,6.1
-1.131,98.223,5.6
-32.833,-71.704,6.1
0.788,-30.317,5.9
-20.366,-173.632,5.7
53.619,-163.267,6.0
-17.376,-69.381,5.5
-10.473,152.269,5.6
50.549,-174.571,5.6
-21.903,-139.009,5.6
-17.852,-178.662,5.7
-16.588,-172.642,5.6
-7.501,128.325,6.9
-31.515,-69.061,5.8
-11.518,116.173,5.5
-45.003,167.599,6.7
-15.397,167.578,6.5
-12.724,166.744,5.8
-6.89,72.241,5.6
-5.942,151.139,5.5
-14.994,-173.469,6.3
-10.747,165.171,6.5
-10.877,165.382,5.7
-10.69,165.221,5.8
42.971,77.508,5.7
13.603,-91.113,5.7
26.856,-110.996,6.7
-18.303,-177.814,5.5
12.376,121.067,6.2
12.288,121.094,5.6
24.878,-45.867,5.7
44.593,148.864,5.5
2.231,126.594,5.5
18.606,121.013,5.7
10.209,-60.559,5.9
-6.26,148.862,5.6
-33.346,-179.43,5.7
38.458,43.038,5.5
-20.237,169.373,6.0
-56.432,147.147,6.0
-16.234,-177.714,5.7
-16.247,-177.629,5.9
-14.278,167.18,6.3
-24.822,179.38,5.7
8.919,137.896,6.6
-56.752,-140.605,5.5
-17.636,-71.718,5.8
2.804,128.209,5.6
-5.964,148.78,6.8
-17.741,-178.844,5.9
-6.076,148.789,5.6
41.744,144.199,6.3
41.722,144.17,5.5
-35.276,-15.654,5.9
-6.29,154.677,5.6
-29.843,-178.961,5.7
-19.966,168.763,5.6
5.368,126.612,6.0
6.802,123.97,5.6
3.266,126.953,5.7
-7.342,120.19,5.7
13.99,51.659,5.6
-27.285,-176.758,5.7
19.809,121.916,5.5
20.09,121.992,5.9
37.052,142.225,5.5
54.601,168.487,6.0
-19.576,-175.038,6.4
-45.254,167.653,5.5
50.506,-129.924,5.6
37.028,72.914,5.5
23.902,121.598,5.9
39.862,-29.589,5.5
48.706,90.565,5.9
-22.127,174.9,6.6
-6.526,152.779,7.0
-6.466,153.007,5.6
-6.081,133.667,7.0
15.071,119.855,5.6
-6.509,152.66,5.6
18.606,145.598,5.6
-13.112,167.051,6.7
-13.15,166.967,6.0
-22.062,-65.716,6.2
-24.373,-115.876,5.6
44.771,149.89,5.8
-6.389,153.091,5.5
-22.212,171.082,6.6
-31.891,57.448,5.9
-58.015,-25.133,5.7
36.483,70.95,5.6
18.665,-106.48,5.5
-42.877,-85.834,5.7
-33.72,-179.791,5.5
-5.808,147.903,5.5
25.149,95.127,7.3
-7.136,151.057,6.1
36.461,71.043,6.3
13.76,120.577,5.5
63.673,2.397,5.6
-44.769,35.379,5.6
-10.366,160.819,7.6
-10.041,160.714,5.9
-10.199,160.855,6.6
-10.143,160.484,5.6
-28.194,-112.648,6.0
-14.88,167.293,6.8
-10.175,160.519,5.6
-18.062,65.418,6.2
-42.819,-85.553,5.5
29.971,51.575,5.8
29.974,51.679,6.1
39.674,74.582,5.5
4.777,125.74,5.8
-18.512,-175.641,5.7
54.618,152.678,6.1
-27.26,-71.092,6.7
39.128,-110.869,5.5
8.757,126.341,6.1
-36.774,78.824,5.5
-7.698,107.15,6.0
-27.001,-70.948,6.1
-26.924,-70.985,5.7
-27.062,-71.06,5.5
24.704,122.511,5.6
-60.893,-23.382,5.9
-16.484,167.171,5.9
26.755,86.616,6.9
23.385,-108.379,5.6
44.571,149.473,5.5
-26.546,-112.671,5.5
-42.903,-85.773,5.6
-2.505,138.929,5.8
-15.37,-172.933,5.7
11.38,141.413,5.8
-19.685,-176.278,5.8
-15.864,-172.067,5.7
0.89,-20.99,5.5
-0.941,-20.93,5.5
18.423,-70.377,5.6
30.245,137.431,6.7
-60.942,154.071,5.9
-35.617,179.656,5.5
-7.157,-81.547,5.5
-54.18,-134.156,5.8
14.697,-92.589,5.5
-25.493,179.608,5.5
-1.12,127.046,5.6
29.933,138.605,5.9
13.659,-90.85,5.6
49.833,78.808,6.1
-23.424,-67.997,6.0
-1.442,-77.866,6.2
-20.515,-178.355,5.6
-17.928,169.061,5.7
-23.392,-175.314,5.6
4.669,-77.423,5.8
46.187,152.205,5.5
-22.255,170.928,5.7
-16.477,-172.113,5.6
26.536,-44.742,5.6
37.18,71.811,5.5
36.425,70.703,5.9
35.532,141.07,5.7
-0.3,125.118,5.6
10.138,126.066,5.5
-26.526,-177.479,5.6
-19.56,-68.921,5.5
-4.863,144.692,5.7
-7.406,128.371,5.7
-19.374,-177.492,5.8
-35.315,-106.048,6.3
-10.272,161.365,5.5
-3.53,150.402,6.1
-14.776,167.335,5.6
-3.989,-104.263,5.9
-18.771,-172.415,7.1
4.189,126.544,5.9
-35.942,-103.212,5.6
42.639,144.448,5.8
-13.704,166.364,5.6
-22.778,171.846,5.6
-28.644,-177.553,6.3
-5.824,103.142,5.7
61.876,169.627,5.7
21.856,121.699,6.0
37.938,20.932,5.9
51.254,159.458,5.5
37.031,141.703,5.6
-4.75,153.103,5.6
49.044,156.096,5.6
-20.1,-175.941,5.7
49.1,156.122,5.9
49.128,156.154,5.6
44.423,-129.455,5.5
49.126,156.26,5.5
-7.381,120.295,5.8
-0.346,122.189,5.6
-16.343,-174.233,5.9
36.443,2.759,5.6
-57.293,-25.135,6.3
-56.81,147.429,5.7
13.881,-90.45,6.6
-60.796,-55.973,5.9
19.08,-67.256,6.0
13.836,-90.645,5.7
-55.307,-29.311,5.6
34.354,91.88,6.2
-21.568,-174.233,5.9
-42.803,-85.75,5.6
-21.99,170.139,6.2
-22.01,170.103,5.7
51.311,-178.148,5.5
22.789,99.611,7.7
23.181,99.439,6.4
22.815,99.558,5.8
26.534,126.42,5.9
-22.239,175.018,6.8
11.422,122.073,5.7
1.533,126.357,6.0
-2.365,138.844,5.6
18.068,-76.597,5.5
-0.239,122.949,5.7
-3.527,150.12,6.7
-7.468,125.765,5.5
52.109,-171.103,6.0
-31.519,-179.745,5.5
-21.768,-179.426,5.8
2.128,125.633,5.5
12.399,124.537,6.6
8.392,126.495,5.5
-6.125,149.785,6.6
-47.766,99.723,6.1
-5.171,153.826,5.6
-58.168,-26.266,5.5
-1.368,-15.094,5.5
1.977,126.897,5.9
37.938,-26.142,5.9
30.989,141.578,5.5
-19.766,-177.973,5.6
-47.897,99.455,6.3
34.333,91.93,5.6
48.117,-71.183,5.9
50.801,-130.054,5.6
22.749,99.852,5.5
-6.339,149.917,5.5
-56.423,-27.187,5.6
5.1,-76.572,5.7
22.773,99.844,6.1
-16.69,-177.172,5.9
61.348,-152.27,5.7
-22.244,-138.836,5.5
12.633,144.792,5.5
73.387,54.998,5.9
20.014,121.93,5.8
18.493,146.367,5.8
-15.259,-173.525,6.4
29.948,51.652,5.9
-1.457,-15.244,5.8
40.987,44.185,6.8
40.974,44.246,5.9
-15.213,-174.352,5.6
-14.87,-174.498,5.5
6.917,-82.74,6.2
-59.873,-25.983,5.9
-58.076,-10.401,5.7
16.321,41.102,5.6
5.355,-82.571,5.7
71.134,-7.634,6.0
51.94,-176.032,5.5
13.968,-90.855,5.8
-15.329,-173.01,5.5
-29.79,-177.915,6.4
29.355,142.024,5.5
-26.902,167.475,5.6
49.886,78.926,5.9
46.834,153.859,5.6
-10.83,164.507,5.5
1.868,97.129,5.5
-27.914,-176.613,5.6
-13.238,-111.247,5.7
-10.782,164.769,5.7
0.769,-29.41,5.7
-23.522,-66.666,6.1
-27.434,-63.156,5.5
-5.09,149.758,5.8
-18.589,-174.559,6.2
29.487,131.433,5.9
46.768,153.929,5.8
36.399,141.751,5.7
-65.458,-179.993,5.8
-23.258,-68.41,5.6
51.435,-174.88,6.0
51.432,-174.799,5.5
51.393,-174.758,5.8
46.986,153.479,6.5
-3.162,130.556,6.7
46.486,153.81,5.5
46.789,153.896,6.1
-6.761,155.355,5.6
46.477,153.673,5.9
-15.244,-173.608,5.6
-31.75,-71.847,5.6
-6.151,148.947,6.4
-4.01,-105.707,6.0
-41.906,79.93,5.9
-41.67,80.159,5.9
-11.544,166.134,5.8
38.147,-26.243,5.7
29.511,131.512,5.5
-17.933,-173.023,5.7
49.924,78.831,6.1
41.806,144.282,6.2
42.226,142.691,5.5
-27.985,26.734,5.5
47.52,154.331,5.9
56.202,164.375,6.3
33.257,141.484,5.6
-6.142,149.005,5.5
-20.215,-178.617,5.5
-19.416,-179.587,5.8
0.082,-16.658,5.8
5.862,-82.697,6.3
-4.625,153.066,6.2
33.385,140.811,5.5
-22.087,-67.223,5.5
-23.728,179.885,5.5
-3.381,148.809,5.6
-55.623,-26.795,5.7
-55.748,-26.818,5.6
-55.795,-26.527,5.7
2.305,126.76,7.1
2.254,126.598,5.6
2.455,126.637,5.5
2.429,126.7,5.6
2.464,126.689,5.9
6.317,92.269,5.8
2.445,126.612,5.6
2.396,126.653,5.8
2.384,126.603,5.8
2.442,126.685,5.6
49.925,78.74,5.9
7.957,-38.092,5.5
4.987,126.915,5.6
57.443,-33.251,5.6
25.616,142.536,5.5
-10.447,161.372,6.5
-17.422,167.426,5.5
-17.452,167.31,5.6
-56.404,-121.964,6.2
2.568,126.635,5.5
45.313,151.805,5.5
0.455,126.345,5.6
2.424,126.814,5.5
35.964,139.788,5.6
-14.894,167.171,6.0
-44.462,-78.766,5.6
56.152,-153.642,6.0
-14.771,167.3,5.6
-17.665,-178.601,5.5
14.159,124.36,5.7
-29.915,-177.885,6.8
2.301,128.009,6.4
2.288,127.916,5.9
-23.113,-61.465,6.5
-7.624,127.399,6.2
43.972,148.968,5.9
21.754,97.941,5.8
18.383,-68.659,5.5
35.545,140.444,6.1
-0.206,124.885,5.9
-19.129,168.681,5.5
4.581,125.874,5.7
1.031,126.189,6.1
-13.71,34.381,5.7
-4.346,152.797,5.8
-13.702,34.42,6.2
-5.24,152.535,5.5
-17.766,-174.761,6.9
-30.539,-178.008,5.6
-30.27,-177.986,6.0
13.673,120.815,5.5
27.141,127.406,5.7
34.662,25.45,5.7
-5.851,146.596,5.9
-34.479,-178.394,6.2
-23.644,178.896,5.6
-20.748,-178.689,5.5
-58.887,148.783,5.9
19.294,121.111,5.6
34.234,24.729,5.5
-19.589,-175.848,6.0
-5.428,146.785,5.6
25.17,94.652,5.6
-20.857,-69.028,6.2
-19.306,169.002,6.9
-58.685,148.75,5.6
-32.012,-71.545,5.5
-15.737,-173.001,6.0
-20.791,-178.703,5.5
49.488,159.185,6.8
-39.533,-75.002,5.8
-52.919,140.099,5.9
24.472,92.505,5.5
13.29,39.98,5.5
-18.172,-178.393,5.7
29.987,99.195,6.4
-13.723,171.926,5.6
26.533,126.388,5.5
1.012,120.061,5.6
4.63,-32.664,5.7
-21.039,-178.942,6.3
-23.834,179.944,6.1
-31.31,-177.815,5.8
17.858,-105.228,5.8
2.968,126.4,5.5
-9.259,-79.033,5.6
-45.712,-75.56,5.5
57.166,121.976,6.4
-35.576,-102.935,5.5
66.96,-156.289,5.5
-17.398,167.826,5.8
30.048,99.419,6.1
-17.42,167.776,5.6
-5.108,143.501,5.8
16.773,-99.328,6.9
35.842,140.361,5.5
30.601,140.589,6.3
37.027,28.18,5.5
17.83,-105.174,5.6
37.004,28.139,5.6
-4.354,101.413,6.0
-4.294,101.363,5.7
-59.515,-29.397,6.0
-4.21,101.37,6.1
10.96,-68.325,6.0
-17.912,-178.665,6.0
-4.2,101.366,5.7
45.06,-28.141,5.5
16.747,-99.343,5.5
44.968,-28.025,5.5
30.091,99.475,6.2
30.053,99.499,5.8
11.038,-68.27,5.5
-21.963,-179.305,5.7
-8.281,-71.381,7.1
23.553,99.526,5.6
-18.891,-178.845,5.6
-23.427,-179.953,6.3
-52.991,159.386,5.5
-21.853,-139.006,5.6
50.103,105.36,5.7
-30.523,-178.414,7.0
-2.922,127.669,5.6
-13.733,66.248,6.0
52.671,-35.037,5.7
-16.643,-173.872,5.5
-9.803,159.531,6.1
43.555,-127.632,5.6
-56.329,-139.125,5.9
57.086,122.018,6.0
-62.104,154.634,5.7
17.852,147.009,5.6
54.305,-165.574,6.3
-20.009,169.268,5.5
-30.508,-178.27,6.3
2.545,126.537,5.6
-17.952,-178.593,5.9
-52.341,160.568,8.2
-51.367,161.451,5.6
-52.087,161.1,5.5
-51.886,160.563,6.0
-51.408,158.679,5.5
-52.503,160.584,5.7
-3.748,123.256,5.8
56.177,164.264,6.3
-51.783,161.425,5.6
56.173,164.185,5.9
-52.272,159.833,6.0
-5.85,148.3,5.9
-52.071,159.931,5.8
-7.332,128.539,5.5
-52.583,160.106,5.7
-4.406,-105.27,5.6
-55.279,-133.192,6.1
30.167,50.921,6.0
-25.053,130.781,5.8
-16.714,-173.278,5.8
-6.515,147.799,5.9
-10.204,161.395,5.7
-23.897,-70.337,5.6
17.401,-94.645,5.9
-45.383,167.086,6.4
-6.826,156.216,5.5
-19.531,-173.736,5.8
71.432,-4.371,5.6
-7.865,117.517,5.7
-22.252,-138.734,5.5
35.107,-35.008,6.2
21.861,89.763,5.8
-15.283,167.572,5.5
-30.169,-178.918,5.6
-3.67,140.139,5.6
-43.342,38.969,5.5
12.875,143.351,5.7
34.289,26.055,5.5
6.824,-82.309,5.5
57.755,-153.992,5.8
20.672,102.446,5.6
31.807,137.982,6.4
-40.494,-74.674,5.6
-1.437,-24.169,5.5
17.761,-68.811,5.7
-22.113,-67.559,5.7
-21.785,-176.493,5.7
-28.336,-66.312,5.5
1.134,-79.616,6.3
19.36,-155.08,6.4
19.362,-155.083,6.5
39.112,-28.242,5.9
-63.723,-156.105,5.8
-57.788,-147.449,5.8
-6.223,148.814,5.5
-7.604,127.342,5.6
-53.187,160.168,6.4
51.617,-175.208,6.1
-16.632,-177.365,5.9
-36.86,-97.63,5.8
-36.265,-99.25,5.8
-4.823,128.973,5.7
49.888,78.802,5.6
52.841,159.859,5.5
1.162,121.476,5.8
-1.577,-15.548,5.7
46.05,151.316,5.5
-8.129,68.355,5.8
-1.472,-15.546,5.8
-8.081,125.129,6.7
22.809,94.56,5.6
5.048,95.635,5.6
30.029,99.455,5.6
2.299,128.142,6.5
-54.412,-132.68,5.6
36.085,71.069,6.0
-18.874,176.789,6.0
-18.823,176.674,5.8
-18.88,176.811,5.9
-7.191,122.715,5.8
-52.602,12.927,5.9
-8.048,121.384,6.8
-4.511,139.022,6.3
-11.618,164.686,5.9
-3.66,150.695,5.7
-2.686,127.312,5.7
1.009,126.1,5.5
-59.994,-26.68,5.8
23.043,121.965,6.6
-22.531,179.129,6.0
1.883,128.251,5.8
42.797,145.117,5.6
-5.417,152.022,5.7
-4.44,-104.876,5.7
-40.121,174.33,5.6
5.898,124.424,6.1
-61.895,154.623,5.8
5.977,124.379,5.7
0.8,126.817,6.1
8.682,125.718,5.9
-7.259,-12.7,5.6
-20.502,-173.929,5.5
-19.016,176.652,6.3
-18.957,176.674,5.5
-38.307,-93.822,5.6
-17.701,167.187,5.6
-55.053,-27.846,5.6
-6.507,130.028,5.5
11.766,41.942,6.5
11.919,41.963,5.6
11.884,41.812,6.1
11.88,41.88,6.1
37.278,21.203,5.8
11.985,41.87,5.7
11.904,41.824,6.1
11.874,41.87,6.4
11.942,41.769,6.1
11.821,41.732,5.8
-4.104,154.459,6.6
24.094,122.478,6.3
52.517,-168.095,5.5
34.921,26.24,5.6
18.039,-105.667,6.5
54.597,162.793,5.5
55.609,161.358,5.6
-0.174,-17.801,5.5
-4.242,152.942,5.9
25.54,125.263,5.5
-4.219,136.667,6.4
-33.15,-177.64,5.5
-33.329,-178.805,5.5
55.543,-156.835,7.1
4.26,127.408,5.7
14.218,-93.755,5.6
29.459,128.56,5.6
-52.81,140.316,5.7
-36.087,-103.171,6.0
-1.322,67.6,5.6
0.976,126.106,6.0
-30.197,-177.96,5.9
-52.766,9.851,5.8
2.435,-79.761,5.9
51.31,-175.805,5.5
-9.017,110.503,5.6
-9.011,110.521,5.5
-19.009,-174.921,5.8
-35.577,-17.063,6.4
-26.141,-70.746,5.5
1.644,127.322,6.2
-19.329,-175.8,5.5
51.574,-173.367,5.7
53.232,159.719,5.5
40.337,51.534,6.5
-32.561,-14.251,5.9
16.497,-93.671,6.1
40.203,51.749,6.2
-61.435,153.988,5.9
-5.527,153.62,5.8
51.184,178.821,6.2
31.583,102.433,6.1
22.621,121.971,5.5
-20.355,169.277,6.5
20.329,98.822,5.8
-6.173,149.815,5.7
20.236,98.848,5.8
80.638,121.761,5.5
80.69,121.81,5.5
-20.095,169.023,6.1
51.314,-179.028,6.8
51.188,-179.234,6.2
51.137,-179.221,6.1
51.115,-179.241,5.6
51.076,-179.306,5.7
-4.293,-77.563,5.5
51.78,171.869,5.8
-17.609,122.404,5.5
-32.766,-179.009,5.6
-9.405,156.311,5.6
-60.32,150.091,6.0
-4.035,152.407,6.3
37.0361667,-121.8798333,6.9
14.583,-44.928,5.5
-10.155,161.063,6.1
-10.183,161.113,5.7
14.603,-45.068,5.6
39.985,113.99,5.6
2.086,126.579,5.6
49.937,78.972,6.0
0.573,121.435,5.5
-5.272,68.542,5.6
-7.358,128.598,5.6
-25.645,179.809,6.1
11.909,-86.277,5.5
39.812,143.539,6.2
-4.651,152.828,5.6
39.823,143.692,6.4
-11.022,162.35,6.9
39.59,143.458,5.9
39.571,143.333,6.9
39.5,143.408,5.5
39.531,143.412,5.5
36.788,2.448,6.0
36.745,2.443,5.6
-21.104,-178.684,5.8
-9.219,111.962,5.6
-9.306,112.05,5.6
-20.995,-67.954,6.1
2.492,128.14,5.6
-11.009,162.208,5.5
-10.949,162.13,5.5
39.837,142.76,7.4
39.637,143.137,6.0
39.179,142.997,5.5
39.638,143.7,5.5
40.018,143.252,5.5
-1.285,148.713,6.0
72.255,0.63,5.5
39.118,143.354,5.9
39.097,143.574,5.5
-49.684,-115.159,5.9
40.101,142.318,5.5
25.742,125.583,5.5
-11.315,162.435,6.1
-61.447,154.31,5.6
-22.772,-65.936,5.6
-9.124,124.743,5.8
-0.584,-19.985,5.5
-52.204,160.031,5.7
-17.76,-178.99,6.2
80.588,122.132,5.8
-17.385,167.931,5.8
-6.575,154.107,6.1
29.892,57.718,5.9
44.635,148.202,5.5
-28.975,-177.529,5.9
-50.053,162.592,6.3
-0.64,-19.79,5.7
-22.314,-174.826,5.5
0.989,126.007,5.8
-63.342,170.701,5.5
-63.211,170.551,5.6
12.651,48.311,5.5
-2.179,138.862,6.1
23.721,114.58,5.6
25.892,-110.076,5.6
-22.276,-138.836,5.6
-15.808,-73.242,6.3
-25.374,179.629,6.1
-38.881,178.231,5.6
51.631,-178.102,5.6
-14.457,167.271,5.5
39.536,143.089,5.6
-7.631,-74.459,6.6
-57.655,148.211,6.0
-15.471,-173.156,5.8
-6.192,130.455,5.6
25.917,58.971,6.0
-6.436,146.383,7.1
21.184,93.746,5.5
19.199,-104.44,5.5
10.094,126.495,6.2
36.552,140.917,5.6
0.141,123.34,6.7
-18.69,168.989,5.9
-4.684,130.827,6.1
-10.445,161.275,6.0
-11.329,162.313,5.6
8.337,126.729,7.6
8.397,126.485,6.0
7.866,126.877,5.7
8.026,126.951,5.6
8.396,126.848,5.5
-3.61,131.18,5.5
7.976,126.873,5.5
7.777,126.806,5.5
8.135,126.889,5.6
40.011,143.291,5.7
-8.486,92.233,5.9
8.297,126.671,5.6
8.547,126.794,5.9
0.939,-28.976,5.8
7.945,126.847,5.5
7.985,126.92,5.5
8.094,126.828,6.5
-35.067,-179.642,5.9
8.192,126.852,5.8
-34.828,-179.526,5.5
-58.775,-25.485,5.5
3.251,96.404,5.6
45.364,150.108,6.0
62.421,-155.62,5.5
17.401,145.788,6.3
60.08,-73.445,6.0
1.679,127.2,5.6
-41.714,-83.954,5.9
-16.177,167.967,5.8
-26.209,-70.507,5.5
-3.406,145.966,6.7
8.344,127.441,5.6
13.408,144.439,5.8
-15.397,-172.85,6.5
-8.8,106.442,5.8
-19.258,-69.529,5.5
18.863,-106.795,6.0
-10.681,92.987,6.0
-15.947,-74.245,5.5
52.038,-169.446,6.0
28.225,88.163,5.5
51.963,-169.383,5.8
11.591,95.017,5.7
24.753,95.241,6.3
39.646,143.288,5.7
39.706,143.306,5.8
11.654,95.143,5.9
52.117,-169.236,5.5
-10.073,123.819,5.5
12.672,-87.489,5.6
4.979,126.508,5.7
37.819,91.971,6.0
45.352,150.93,5.5
45.345,150.913,5.7
-29.709,-177.467,6.1
-29.08,-177.628,5.7
-31.664,-178.085,5.7
-31.725,-177.996,5.6
-31.587,-178.046,5.6
43.56,-127.402,5.6
43.589,-127.443,5.7
-30.141,-177.688,6.0
-5.286,150.609,5.5
-20.76,-178.487,5.7
35.832,52.954,6.0
40.097,142.314,5.7
-15.262,-173.376,5.8
-6.082,-81.224,5.5
-31.612,-178.083,5.5
3.885,96.1,6.2
-12.451,-75.069,5.6
14.603,119.437,5.9
43.008,145.46,5.5
-23.398,179.094,5.6
8.247,126.712,5.5
-18.407,176.924,6.0
-18.073,-178.307,5.8
-5.294,151.099,5.8
51.125,-130.238,5.5
-10.233,110.29,5.8
37.047,71.25,6.3
9.755,124.694,6.8
9.725,124.625,6.6
-42.343,172.798,6.0
-18.756,-71.456,5.9
-42.347,172.595,5.7
-3.17,-80.829,5.6
36.331,140.916,5.7
-5.256,151.33,5.7
44.13,-128.926,5.5
-31.193,-48.919,5.5
-5.225,151.355,5.6
-4.567,-105.583,5.9
29.533,130.732,6.1
15.835,147.197,5.6
-5.516,149.432,5.9
-40.347,176.102,6.3
-15.465,166.385,6.9
34.706,139.252,6.4
46.922,153.996,5.6
-21.559,170.437,5.6
-25.413,-116.169,5.7
16.903,-62.326,5.8
-11.458,66.38,5.8
11.654,-86.622,5.5
-15.523,-175.236,6.2
-10.553,165.19,5.6
-18.042,-69.135,5.7
-26.651,-114.726,6.1
-17.159,-64.141,5.9
34.14,-117.69,5.7
34.144,-117.697,5.51
53.34,160.03,5.8
-7.892,121.112,5.6
-22.122,175.163,7.6
-21.557,175.753,6.2
-22.405,174.164,6.6
28.925,66.331,6.1
-18.318,168.063,7.1
36.907,73.021,6.2
36.738,73.061,5.7
-11.147,117.44,5.5
-17.295,66.675,5.9
58.391,-152.96,5.7
50.907,157.244,5.5
-20.529,168.207,5.6
33.493,138.654,5.5
-3.158,128.838,5.5
51.484,-175.032,6.4
51.479,-174.984,5.7
-7.281,-106.443,5.5
-47.906,165.653,5.5
-3.429,-76.913,5.6
-3.994,39.925,5.5
4.575,122.62,5.7
-15.13,167.238,6.5
24.897,-109.035,6.1
-48.688,106.802,5.5
27.22,141.605,5.8
29.496,131.595,5.5
-31.092,-179.093,6.6
-36.919,177.197,5.6
-8.473,158.891,5.6
-47.624,165.261,5.5
9.814,-84.828,6.4
9.919,-84.808,7.3
37.034,72.942,6.3
9.591,-84.659,5.7
44.462,148.772,5.8
9.253,125.606,5.9
20.231,122.038,5.6
42.891,146.969,6.0
-39.97,45.783,5.8
-32.672,-72.086,5.7
-5.843,147.664,6.2
11.426,-86.301,6.8
11.608,-86.425,5.9
-16.179,-72.974,5.5
15.125,147.596,7.6
15.331,147.553,5.7
15.552,147.529,5.5
15.198,147.51,5.7
-40.953,80.724,5.7
15.128,147.621,5.5
-41.093,80.906,5.8
-6.817,105.14,5.8
-15.152,-172.126,5.6
15.536,147.463,5.5
-60.527,-25.482,6.0
-21.618,-174.213,5.5
15.177,147.596,6.3
-25.988,-175.955,5.8
-18.049,168.126,5.5
-25.806,-176.058,6.0
-7.157,129.515,5.5
42.54,144.048,5.6
-30.991,-177.806,5.8
35.474,135.451,6.1
-17.564,-178.712,5.5
27.296,139.924,5.7
-14.858,167.278,5.7
39.436,74.9,6.0
7.368,-35.286,6.1
1.186,122.857,7.8
0.368,123.131,5.6
1.129,122.645,5.6
1.263,122.984,5.7
1.315,123.018,6.5
1.229,123.441,5.5
1.3,123.021,6.0
1.108,123.429,6.5
-6.27,151.178,5.5
1.234,123.254,5.5
-36.985,-73.303,6.3
47.488,138.956,5.5
-37.977,-73.3,5.7
36.04,100.274,6.3
35.986,100.245,6.5
36.239,100.254,6.3
-6.277,154.755,5.6
1.059,122.825,6.0
28.696,66.177,5.5
8.887,-83.5,6.4
-26.113,-178.021,5.7
-4.1,151.857,5.6
-54.279,1.271,6.0
7.329,94.308,5.6
-25.14,-112.481,5.6
14.056,-91.69,5.8
58.84,-156.858,6.6
58.82,-156.85,6.6
-5.604,150.164,6.4
40.775,15.766,5.8
-35.253,-104.142,5.7
6.905,-82.622,6.5
-17.054,168.495,5.7
-56.381,-27.058,6.0
-5.989,147.586,5.5
-61.979,161.434,5.8
-54.824,146.247,5.9
-6.176,146.807,5.5
41.82,130.858,6.3
17.282,-100.679,5.6
49.037,141.847,7.2
-6.07,149.775,5.8
-40.296,176.064,6.4
-35.925,-71.415,6.2
36.043,70.428,6.0
-3.075,35.891,5.5
1.158,123.869,6.0
-10.151,161.051,5.5
-31.835,-178.027,5.7
-5.648,150.233,5.6
10.94,-85.475,5.5
-18.08,-69.626,5.8
38.43,74.363,5.7
-25.398,178.101,5.9
26.619,127.846,5.8
13.081,143.841,5.5
5.121,32.145,7.2
43.874,147.623,5.7
-18.102,-175.13,6.3
-32.5,179.624,6.1
53.558,-163.537,5.5
-8.137,109.043,5.6
-36.299,-97.876,6.1
5.277,31.829,6.5
5.358,31.848,7.1
-7.363,120.363,7.1
5.436,31.876,5.5
-2.871,130.338,5.9
1.342,123.371,5.8
74.225,8.828,5.8
7.715,-36.963,5.9
-20.874,-177.987,5.9
56.956,-153.569,6.1
-6.016,-77.229,6.6
45.841,26.668,7.0
-6.018,-77.127,5.7
45.811,26.769,6.3
17.26,-100.707,6.0
35.522,140.339,6.3
-5.119,147.722,5.5
-5.485,154.117,5.5
1.081,122.776,5.5
-3.563,144.432,6.5
-16.125,-176.885,5.6
-1.211,-24.419,5.6
-17.573,-71.824,5.7
-18.874,-178.789,6.5
-9.103,120.264,5.5
-6.062,-77.136,5.5
1.253,123.422,5.6
9.457,138.202,5.6
6.371,126.396,5.8
11.76,121.899,7.1
11.603,121.808,5.6
47.869,85.076,6.6
11.312,122.252,5.5
-5.041,152.082,6.0
-22.607,-176.72,5.6
39.258,20.528,5.6
27.998,127.976,6.0
27.398,65.719,6.1
27.302,65.548,5.6
3.879,125.69,5.5
-21.038,-178.855,5.6
-1.12,126.816,5.6
36.957,49.409,7.4
36.636,49.799,5.8
-14.558,167.887,5.5
-19.648,-69.128,5.5
-14.64,167.934,5.5
-14.607,167.939,5.7
-0.611,146.473,6.2
-21.568,-176.483,6.9
-21.61,-176.502,5.8
-3.458,131.0,5.7
-22.015,-179.473,6.3
-22.215,-138.841,5.5
-21.552,-179.332,5.7
9.857,-84.392,5.5
-6.138,149.813,5.6
25.372,124.473,5.6
-6.904,108.12,5.5
45.371,150.17,5.6
-3.599,150.996,5.6
1.056,121.5,5.6
12.217,120.662,5.7
-17.827,-178.903,5.9
5.395,31.654,6.6
8.493,-103.127,5.8
-10.353,161.119,6.4
-12.67,166.894,5.5
-57.2,-25.49,5.5
59.325,-136.47,5.6
-25.355,178.342,6.0
-25.366,178.234,6.0
14.647,-60.458,5.8
-6.245,154.787,5.5
-13.295,-112.27,5.5
36.415,70.789,6.4
0.003,-17.376,6.6
-0.074,-17.523,5.7
11.721,143.165,5.6
-17.411,-174.283,5.7
15.679,121.172,7.7
16.385,120.412,5.6
16.521,120.93,5.6
16.285,120.457,5.7
-32.46,-69.958,5.7
24.249,121.818,5.7
16.433,120.838,6.1
16.495,120.981,6.5
12.615,-87.386,5.7
16.511,121.007,5.6
36.99,29.595,5.5
-6.82,130.601,5.7
16.386,120.938,5.8
16.4,120.919,5.7
-23.622,-179.893,6.3
12.036,143.75,5.5
16.488,120.658,5.6
9.481,-84.546,5.5
11.269,122.348,5.6
-7.504,127.76,5.5
27.247,65.508,5.9
-15.355,167.464,7.2
-15.429,167.402,5.6
-36.423,-104.519,5.6
-41.333,-88.411,5.5
42.416,-126.682,5.8
-11.78,166.547,5.7
-31.62,-71.695,6.0
-6.46,105.396,5.8
47.963,84.961,6.2
29.551,137.63,6.5
36.31,141.072,6.1
-1.08,-13.887,6.4
-15.962,-173.572,5.6
8.497,-103.253,5.5
-0.076,122.954,5.5
-20.199,168.328,5.8
0.333,126.175,6.2
-19.805,-177.385,5.9
6.572,60.24,5.5
-22.182,171.138,5.5
0.964,-28.808,5.5
13.277,143.935,5.5
-19.435,169.132,7.1
60.115,-152.006,5.5
27.024,65.969,5.5
35.432,-35.648,6.3
51.294,-178.901,5.5
-31.003,-179.706,5.5
41.564,88.77,6.2
-11.167,161.963,5.7
-11.164,161.997,6.7
26.979,101.154,5.7
-40.229,78.308,6.2
7.507,93.975,6.0
-34.597,-107.776,5.7
46.189,142.289,5.7
-11.246,161.919,5.7
-33.373,-178.046,5.9
-27.487,-104.266,6.0
-22.118,175.014,5.5
-4.455,144.508,5.5
5.792,-77.504,5.6
0.525,126.084,6.4
-9.152,110.765,5.5
19.592,-77.874,5.5
-26.109,-177.553,5.7
-6.87,125.452,5.9
-19.447,-175.735,5.6
15.968,-47.92,5.7
6.146,-82.634,5.5
12.006,140.616,5.5
-0.143,-80.283,6.6
-41.21,-90.129,5.6
-3.134,148.134,5.8
-3.197,148.225,6.0
-3.14,148.174,5.5
-31.262,-69.063,5.7
8.461,126.506,5.8
5.443,31.686,5.6
-7.338,155.892,5.6
-24.449,-177.227,5.7
27.5,66.092,5.5
-20.548,-174.173,6.0
28.032,139.316,5.5
-5.178,151.729,6.0
1.126,123.006,5.7
22.692,120.909,5.8
15.12,59.267,5.5
-60.447,-65.029,5.8
51.457,-164.118,5.6
-60.689,-22.794,6.0
13.382,51.456,5.5
64.655,-17.617,5.6
-6.161,146.782,5.5
-5.917,103.796,5.8
-53.155,159.632,6.4
51.453,177.899,5.7
-12.995,165.984,5.6
15.469,119.327,5.6
-14.989,-173.632,6.0
-17.732,167.612,6.4
-6.726,130.373,6.5
33.267,138.643,6.5
33.189,138.685,6.2
-17.59,167.833,5.9
29.147,60.906,5.6
-36.19,-100.795,5.6
-13.559,167.079,6.7
13.038,145.39,5.6
13.088,145.277,5.5
52.705,160.57,5.5
24.248,125.215,6.1
-17.617,167.799,5.9
-24.036,-174.646,5.8
-41.48,174.955,5.6
-41.589,175.344,5.5
-2.711,67.908,5.7
13.445,-92.058,5.5
-19.503,-66.618,6.6
-23.497,179.029,6.1
15.724,147.931,5.9
-23.493,179.135,5.6
-2.211,92.249,6.8
49.043,155.076,5.9
-25.557,-176.311,5.8
-10.97,-70.776,7.0
37.093,103.781,5.7
-16.244,-173.153,5.6
-21.94,-179.39,5.5
-5.604,153.925,5.5
38.0618333,-119.1191667,5.8
73.361,54.707,5.7
35.121,70.486,5.8
8.307,126.462,6.5
-6.189,154.96,5.9
-35.143,-16.426,6.1
-35.368,-16.108,5.5
-63.653,172.65,5.5
-55.981,-143.243,5.5
14.694,146.894,5.6
-26.634,-70.481,5.6
-3.533,139.367,5.7
-6.704,125.636,5.5
-4.479,-104.735,5.5
-21.251,-174.366,5.6
-15.721,-72.619,5.8
51.186,178.948,5.5
28.251,55.462,6.6
28.237,55.365,5.7
53.452,169.871,7.1
5.643,125.247,5.7
-55.974,-27.538,5.7
11.757,-85.872,5.5
24.091,121.758,5.5
42.959,78.071,6.4
46.104,138.637,5.9
-22.258,-138.805,5.5
27.44,66.092,5.6
3.908,97.457,6.7
3.982,97.324,5.8
3.909,97.291,5.6
-59.707,-26.244,5.7
-31.688,-178.605,5.6
3.942,97.343,5.5
0.171,127.01,5.8
-18.109,-174.667,5.6
51.65,-171.331,6.0
-5.575,150.993,6.3
-5.005,145.791,5.7
5.538,125.851,5.5
4.707,-75.574,6.1
-23.575,-175.824,5.7
-23.78,-175.771,5.8
-23.89,-175.779,5.5
-31.01,-178.992,5.6
43.853,16.633,5.6
-21.088,-178.867,5.6
-28.041,-179.707,6.1
1.03,123.97,5.8
40.198,143.466,5.5
-26.722,-114.127,5.9
-22.727,166.7,5.6
43.729,-28.864,5.5
-5.264,131.37,6.1
-16.993,-177.268,5.9
-6.67,147.415,5.5
54.881,162.109,5.5
-5.94,142.282,6.0
-5.869,142.26,5.5
-15.461,-173.117,6.4
-15.372,-173.052,5.8
37.3,15.438,5.6
23.916,121.636,6.3
1.116,124.034,6.2
23.722,121.627,6.7
-6.02,142.291,5.5
23.681,121.625,5.9
23.807,121.678,5.7
-9.691,-78.982,5.6
-2.982,136.488,5.5
41.361,43.715,5.5
-19.467,-173.278,5.7
29.044,51.304,5.7
1.298,123.188,5.5
6.638,-81.926,6.3
-42.667,-15.948,5.5
23.701,121.579,5.6
52.618,160.716,6.0
23.669,121.606,5.5
37.612,70.338,5.6
-16.626,-177.556,5.9
-20.467,-174.161,6.8
41.004,22.3,6.1
-20.597,-178.574,5.5
-18.891,-177.971,5.6
-32.696,-69.647,5.5
9.869,-84.302,6.0
-14.948,168.036,5.7
-15.182,167.386,5.6
-0.656,127.387,5.6
-5.376,151.49,5.9
-40.732,-85.765,5.7
23.766,121.592,5.9
-0.668,127.337,5.6
-6.873,129.542,5.7
-22.725,-70.006,5.5
-14.875,66.777,5.9
8.257,94.061,6.1
-30.174,178.928,5.6
-5.097,150.967,7.5
0.857,126.689,5.5
-21.953,174.818,5.6
18.068,-105.847,6.3
17.951,-105.852,5.8
-21.208,-174.149,6.0
-7.225,148.585,5.5
-29.562,-111.805,5.9
-7.179,148.54,6.2
-7.171,148.441,5.7
1.973,126.731,5.8
23.613,95.901,7.0
-18.057,-173.534,6.2
-5.502,151.899,5.5
-5.396,151.837,6.2
-5.482,151.85,5.8
-18.006,-173.589,5.7
-18.043,-173.53,5.6
40.558,105.793,5.6
-2.928,84.566,5.8
-25.187,178.314,5.8
18.029,-101.7,5.5
-5.99,154.46,6.0
13.783,-90.687,5.5
-5.003,151.204,5.8
23.692,121.346,5.7
-51.145,139.415,6.3
23.747,121.29,5.5
-5.576,148.331,5.6
-21.235,170.029,6.0
-55.215,-129.13,5.7
51.965,178.838,6.4
33.821,141.412,5.5
-2.152,139.02,6.3
-2.275,139.206,6.4
-2.18,139.14,5.5
-3.515,102.63,5.5
-3.553,149.085,5.5
10.508,125.707,5.5
-41.985,171.701,5.7
-42.009,171.7,5.9
30.573,129.009,5.6
-44.159,94.223,5.6
0.511,126.082,5.8
35.993,70.423,6.9
-57.067,-141.111,5.7
-24.343,-115.893,5.5
51.693,174.221,5.7
-15.348,-176.901,6.1
-9.929,159.139,6.9
-9.858,159.174,6.4
8.745,-39.854,6.2
14.005,144.743,6.0
-32.015,179.75,5.8
-44.361,-79.529,5.7
-22.082,-179.556,5.5
-9.909,159.076,5.5
-32.984,-179.34,5.9
-6.279,154.697,5.9
-22.336,-112.578,6.0
4.21,124.235,5.5
48.268,154.328,6.1
-21.189,169.831,6.0
8.87,126.48,7.0
-19.028,168.493,5.7
1.562,127.093,5.6
-22.626,-113.022,5.9
9.047,126.551,5.5
58.427,-175.45,6.7
8.167,122.129,5.7
36.27,70.645,5.5
-15.125,-173.384,5.7
-7.388,128.922,5.6
40.386,78.959,6.0
-22.936,172.523,5.6
-20.118,-175.83,5.8
10.939,-84.637,6.2
-21.94,-174.919,5.5
-21.996,-175.031,5.6
-21.867,-175.057,6.2
3.231,-83.343,5.7
-3.984,102.369,5.7
-30.515,-178.589,5.6
60.904,167.023,6.6
61.029,167.003,5.6
60.834,167.057,5.9
60.682,166.937,5.7
-24.541,-69.901,5.5
61.528,166.365,5.8
-54.877,-131.533,6.0
-3.792,144.396,5.7
-51.154,29.255,6.4
4.926,-82.561,5.7
-59.707,-26.57,5.8
51.794,-175.264,5.7
10.174,-85.184,6.3
34.825,26.335,5.6
-5.791,-80.897,6.0
-9.71,-79.774,6.2
-11.668,166.544,5.8
48.261,154.854,5.6
-16.831,177.305,5.5
21.704,121.789,6.3
21.673,121.826,5.5
19.722,-70.314,5.8
-18.308,168.015,5.8
-3.959,-80.907,5.6
-16.111,-174.826,5.5
-16.55,-172.591,5.5
15.746,95.738,6.0
22.359,-106.994,5.6
-4.919,152.018,5.8
16.175,-98.278,5.8
-6.076,147.661,5.6
7.017,-78.153,6.3
-6.038,-77.13,6.5
-5.982,-77.094,7.1
-5.81,-77.339,5.5
-14.23,-75.511,6.3
-54.592,-132.516,5.8
-24.168,179.984,5.5
-15.008,-175.521,6.7
-3.1,130.356,5.9
52.433,157.903,5.6
-9.788,-74.702,5.8
-5.282,151.697,5.8
-11.036,166.787,5.6
13.058,-88.322,5.5
-20.116,169.055,5.8
27.155,127.419,6.0
2.664,128.543,5.6
37.457,68.273,5.5
-22.924,-179.342,6.0
16.865,-60.592,5.5
-14.883,-174.953,6.1
-6.9,129.562,5.9
-4.38,143.774,5.5
-18.287,46.416,5.6
9.685,-83.073,7.6
-2.759,134.432,5.8
14.002,-91.652,5.8
9.041,126.739,6.3
2.541,-79.747,6.2
9.047,126.77,5.5
9.741,-83.517,6.2
7.525,126.577,5.6
42.453,43.673,7.0
-11.258,-77.672,5.9
42.583,43.764,5.5
42.503,43.899,6.1
5.926,-82.612,6.0
-6.386,147.213,5.7
-6.61,154.912,5.5
62.476,-151.413,6.3
-21.724,-173.901,5.5
9.392,-77.281,6.0
28.08,139.585,6.7
42.683,43.247,5.6
9.542,-82.418,6.2
27.148,140.074,5.7
13.717,144.981,5.5
10.373,125.328,5.7
10.353,125.253,5.5
-20.871,-177.868,5.6
39.43,144.714,6.1
10.352,125.325,5.5
19.373,-156.267,5.5
-13.875,-74.458,5.6
-16.114,-174.147,6.3
-22.061,-67.18,5.5
12.279,47.487,5.5
-3.463,82.824,6.0
-4.39,142.715,6.4
-9.941,119.78,5.5
1.156,122.957,7.0
1.333,123.009,5.9
-18.038,-178.457,5.5
-7.517,126.539,6.6
-60.306,-43.821,5.8
-16.506,-70.701,6.8
9.482,-82.694,5.7
-22.256,-138.794,5.5
54.567,-161.606,7.0
54.572,-161.827,5.6
-6.048,130.599,5.8
-56.837,-140.932,5.6
-24.905,179.924,5.5
-40.022,-74.801,5.6
-5.965,103.914,5.6
-7.204,122.533,6.9
-20.252,-176.218,7.0
12.627,95.11,5.5
23.771,-45.368,6.4
8.403,-103.021,5.9
84.401,108.249,5.5
-18.209,-178.409,5.5
-2.285,-78.884,5.8
42.789,143.329,5.8
-19.95,-175.717,5.9
-20.07,-175.986,5.5
42.461,44.009,6.3
-58.285,-24.183,6.6
15.316,120.522,5.7
15.119,120.355,5.6
0.535,-25.452,5.7
10.098,125.855,6.1
15.08,120.585,5.5
0.13,149.285,5.9
-58.198,-24.837,5.8
-19.708,-177.792,5.5
1.196,122.787,7.5
1.173,122.882,5.6
13.399,-89.618,5.8
23.915,-108.549,6.2
-26.802,-63.349,7.3
-26.939,-63.272,5.6
58.318,-137.008,5.6
24.361,-108.233,5.5
34.26,-118.0,5.6
34.27,-117.993,5.8
-21.621,-114.234,5.5
-14.371,-13.562,5.7
-15.797,-75.016,6.0
-1.068,99.843,6.4
-23.233,-179.126,5.7
-8.146,124.689,5.7
-8.099,124.681,6.9
-3.775,135.864,5.6
-9.585,114.673,6.1
47.892,145.796,5.9
-13.108,-72.187,7.0
2.534,126.623,5.5
-16.713,167.518,5.6
23.227,-65.524,5.8
12.525,93.874,5.5
45.364,21.057,5.6
42.182,-125.641,6.9
48.738,154.933,6.2
36.334,71.119,6.7
45.172,150.794,5.6
50.935,-130.162,5.5
-3.989,-104.094,5.7
-8.122,121.76,5.8
8.224,94.112,5.5
44.888,22.407,5.6
54.565,-161.654,5.9
3.008,128.434,5.8
5.826,125.983,5.6
3.775,95.932,5.6
-6.122,130.227,5.8
36.52,44.066,5.5
17.818,-95.046,5.7
16.882,-101.39,5.8
1.831,-90.555,5.7
-14.22,-73.945,5.5
-17.082,174.4,5.7
1.177,-85.263,5.5
29.33,129.081,5.7
-0.912,-80.916,5.5
-21.363,-174.396,6.0
3.827,95.374,5.9
35.725,141.044,6.0
54.729,161.659,5.5
0.972,122.631,6.7
-23.32,-179.185,5.5
-3.141,130.32,5.9
-14.17,-14.255,5.7
52.791,-34.944,5.5
54.389,-169.296,6.0
-13.593,167.607,6.5
-45.558,-72.233,5.5
-45.815,-72.299,5.7
-16.064,168.01,6.3
52.823,-170.789,5.6
41.6611667,-125.8455,6.1
10.045,-69.948,5.6
40.2516667,-124.2858333,6.0
41.679,-125.856,7.0
-23.834,-179.79,5.5
-14.607,166.869,5.5
-6.065,130.368,5.7
-21.354,-174.174,5.5
18.959,-80.877,5.8
42.1,144.635,5.7
6.937,94.531,5.8
6.882,94.609,5.9
35.338,133.208,5.5
-22.23,179.639,5.9
-17.823,-115.975,5.5
-20.71,-177.749,5.7
-3.161,139.709,5.5
78.967,3.604,5.6
37.44,95.402,5.5
33.649,138.778,6.4
-17.91,-116.001,6.4
-17.921,-115.992,6.3
15.204,120.404,5.5
-24.103,-179.836,5.5
-40.25,175.053,5.6
12.796,143.927,5.5
51.256,-178.199,5.5
12.678,144.008,5.8
-17.879,-116.021,5.8
-31.512,-69.936,5.9
-13.246,167.139,5.5
14.646,-90.986,6.2
36.191,100.063,5.5
-16.232,-173.004,6.1
-9.283,158.62,5.5
-16.117,-173.245,5.7
-5.814,150.959,6.6
-20.878,-178.591,7.0
-20.941,-178.713,5.6
-10.272,161.064,5.6
-17.029,167.941,5.7
-16.817,167.887,5.5
-16.852,168.156,5.6
45.587,149.049,6.0
1.804,31.293,5.6
-17.505,-174.535,5.6
-2.769,153.07,5.6
-13.742,166.673,6.3
2.453,127.727,5.9
-56.097,-122.633,6.3
-9.094,158.442,7.2
-9.08,158.599,6.4
-9.026,158.356,6.1
-6.494,130.043,6.2
-4.524,135.375,5.9
-15.3,-173.556,6.1
28.533,-43.551,5.5
-24.295,-177.561,6.5
7.817,122.127,5.6
44.289,149.595,5.6
-9.012,117.17,5.5
30.78,78.774,6.8
-11.343,166.403,5.5
51.25,178.348,5.6
43.301,144.351,5.5
18.506,145.668,6.0
-5.198,152.691,5.7
-22.086,-67.4,5.5
-57.761,-25.37,5.8
-16.184,167.99,5.6
-5.657,153.899,5.5
-15.31,-173.187,6.2
-2.02,134.307,5.5
1.235,122.105,6.0
-30.255,-177.981,6.6
-30.43,-177.731,5.7
46.55,152.782,6.0
30.666,50.218,5.6
-6.072,148.198,6.2
-4.692,-105.904,5.7
-6.237,146.444,6.2
-16.908,66.162,6.5
-26.309,-177.877,5.8
-7.32,128.55,6.3
-4.273,102.806,5.6
-59.449,-26.183,5.5
-24.216,-177.393,6.0
17.911,-105.586,5.9
24.705,142.57,5.8
-9.013,158.32,5.6
8.361,126.371,6.8
-37.276,176.755,5.5
-56.121,-123.371,5.9
4.554,-77.442,7.2
-44.92,-80.956,5.6
-36.515,178.385,6.1
-30.663,-177.837,5.5
5.782,126.832,6.3
-22.361,174.177,5.5
-26.759,-114.939,5.6
51.4,-176.0,6.0
42.051,142.523,6.4
48.237,154.807,5.8
36.924,49.603,5.6
45.498,21.115,5.5
-15.867,-69.288,5.8
-26.483,178.715,6.3
-15.364,-174.24,5.5
24.015,93.986,5.5
-41.266,80.401,5.9
45.475,151.391,6.0
25.191,62.974,5.6
45.471,151.554,5.5
29.543,81.632,5.6
-22.692,-175.124,5.5
-17.821,-116.017,6.4
-23.368,171.044,6.5
-18.178,168.026,5.6
-4.825,152.516,5.7
45.578,151.56,6.6
45.386,151.636,5.5
45.567,151.53,6.0
45.491,151.775,5.5
45.521,151.707,6.5
45.288,151.571,5.5
45.386,151.643,5.5
45.435,151.27,6.4
45.439,151.427,6.3
-30.434,-177.921,5.7
45.119,151.366,5.6
-17.521,-70.422,5.9
-62.551,155.054,6.3
47.393,151.499,5.7
9.273,124.075,5.5
45.253,151.176,6.8
45.357,150.992,5.8
48.973,-128.77,5.6
48.938,-128.71,5.6
-24.001,179.871,5.6
45.133,151.248,5.7
45.533,151.021,7.6
46.731,151.079,5.8
45.573,152.083,5.5
45.609,151.718,5.5
45.854,151.962,5.5
-5.702,110.209,5.5
45.667,151.734,5.5
25.307,-109.693,5.6
-19.173,-176.4,6.0
-56.032,-25.266,7.2
-9.01,157.894,5.8
51.019,98.15,6.4
-56.102,-24.614,6.6
-6.446,150.344,5.8
-6.437,150.404,5.6
-6.36,150.242,5.9
-56.573,-25.325,5.5
-4.421,132.727,6.4
48.738,-129.233,6.1
5.638,-73.832,5.8
-48.965,123.462,5.6
-9.003,-109.355,5.7
2.316,127.442,5.6
9.311,86.964,5.7
-20.93,-178.717,5.9
1.342,127.373,6.1
-2.169,-77.041,5.6
18.017,-70.618,5.7
27.398,65.994,5.5
27.983,139.405,6.7
38.47,140.308,5.7
38.351,20.324,5.6
35.515,74.529,5.5
-21.481,-68.032,5.8
24.958,63.141,5.9
-58.214,148.528,5.9
22.913,142.9,5.5
35.106,139.644,5.8
-51.654,139.406,6.0
-51.547,139.704,6.3
45.445,150.794,5.8
-19.729,-178.12,5.7
52.244,-170.225,5.9
14.645,-92.591,5.5
31.426,66.825,5.5
-5.72,103.156,6.5
29.61,95.521,5.6
-5.684,103.162,5.7
43.202,146.572,5.6
48.014,152.968,5.6
-9.239,124.827,5.7
-16.222,-173.071,5.5
-15.894,166.318,6.8
53.597,-165.734,6.0
-4.382,146.338,5.6
79.191,124.482,6.0
-55.979,158.123,6.2
-21.647,170.412,6.2
28.038,142.519,5.5
-15.382,-177.108,6.0
12.908,145.245,5.7
-33.631,-179.533,5.5
-6.228,147.613,6.0
2.075,128.408,5.5
13.969,-92.216,5.8
11.803,57.764,6.0
-6.191,147.576,6.7
-24.369,-69.924,5.8
12.265,141.242,5.6
-40.337,176.363,5.5
52.915,159.886,6.9
52.835,159.876,6.0
-14.384,167.179,5.8
44.242,149.058,5.6
44.157,149.102,5.9
-15.937,-172.891,5.5
-3.008,147.882,6.4
11.513,42.812,6.2
52.9,159.619,6.4
10.21,-84.323,6.6
-3.477,146.316,6.2
-5.724,150.215,5.5
-58.608,148.911,5.6
-3.438,146.734,6.1
52.97,170.934,5.5
52.451,-178.945,6.4
39.71,39.605,6.7
-9.191,152.394,6.1
23.548,123.562,5.9
39.532,39.929,5.9
-23.966,-177.312,5.6
14.459,-92.867,5.5
17.155,120.827,6.3
-56.427,-27.121,5.5
-42.669,-18.507,5.8
-7.751,117.464,5.6
-55.506,-124.357,6.0
3.613,127.008,6.0
-37.703,176.973,5.6
54.699,159.435,5.5
51.222,-179.723,6.0
20.927,94.586,5.6
52.875,-173.988,5.5
47.863,147.128,5.6
-16.969,-173.542,5.5
-43.151,171.386,5.5
-17.793,-116.107,5.9
-49.872,-113.744,6.3
-3.125,129.023,5.5
-37.562,-17.164,5.5
-37.298,-17.351,5.6
7.173,-34.047,5.5
-5.696,151.164,6.5
-28.929,-69.612,5.5
-17.949,-178.365,5.8
-10.951,166.051,5.7
35.696,80.661,5.7
-11.938,166.324,6.1
48.287,155.771,5.5
11.27,-86.366,5.8
50.724,-130.092,6.7
-1.851,97.741,5.7
50.593,-129.918,6.0
-4.172,131.005,6.0
-16.867,168.129,6.0
-16.906,168.264,5.7
-16.784,168.31,6.0
-17.712,-174.432,5.9
29.515,131.396,5.6
24.315,94.898,5.7
50.232,-176.049,5.5
1.186,122.586,6.1
-20.004,-68.479,5.8
-5.685,149.085,5.8
-5.454,103.001,6.6
-5.61,102.881,5.5
23.861,121.594,6.2
-22.218,170.508,5.7
-7.533,130.165,5.5
33.96,-116.317,6.1
51.486,-130.907,5.6
29.429,131.364,5.7
22.437,98.904,6.1
22.418,98.852,6.2
-3.516,144.849,5.5
27.55,66.065,6.2
8.391,141.009,5.6
-9.028,-109.735,5.9
40.3353333,-124.2286667,7.2
2.369,123.054,5.6
40.4325,-124.566,6.45
40.3828333,-124.555,6.57
12.278,-87.091,5.7
5.602,124.054,5.9
-10.703,166.029,5.9
10.375,125.126,5.5
35.059,26.655,5.8
-15.414,-175.146,5.5
-32.37,-71.59,5.5
-6.762,130.229,6.1
-0.294,126.103,5.5
41.175,144.7,6.0
37.207,72.913,5.8
59.691,-153.482,5.6
-23.741,-175.931,5.5
-9.525,-78.748,5.7
-16.524,-172.367,6.7
-23.863,-175.944,5.6
-32.76,-176.71,5.6
-32.896,-177.879,5.7
-6.075,147.572,7.2
41.019,72.429,6.2
-32.663,-178.469,5.5
-19.119,169.079,6.1
-38.458,177.852,5.8
-13.672,-76.108,6.1
-6.047,105.284,5.7
7.239,126.645,7.1
7.191,126.762,7.3
-6.463,153.237,5.9
-33.594,-72.018,6.1
7.446,-82.311,6.3
28.295,55.594,5.6
-9.463,159.316,5.8
12.537,125.544,5.5
33.377,71.317,6.3
41.604,88.813,6.5
31.127,141.758,5.5
-6.175,147.236,6.0
-8.748,117.604,5.5
31.025,141.738,5.9
-33.669,-71.942,5.6
52.392,175.664,5.7
-35.34,-105.89,5.5
49.387,147.798,5.6
-3.506,144.221,6.2
-4.544,141.905,5.7
13.479,-89.997,6.0
51.788,-176.118,5.5
-4.792,139.734,5.7
19.613,-77.872,6.8
-54.601,-30.261,5.8
-3.269,135.834,5.6
-11.122,165.239,7.0
-41.616,173.727,6.0
-30.65,-178.162,5.8
47.625,155.562,5.8
23.105,121.409,5.6
31.17,141.731,6.0
1.819,127.494,5.5
30.694,141.59,6.0
14.442,-92.931,6.3
30.64,141.596,5.9
-22.733,170.803,5.5
36.659,141.122,5.7
29.739,140.699,5.5
47.694,155.377,5.5
-16.075,92.787,5.9
-16.138,92.844,6.2
28.083,128.094,5.6
51.13,178.743,6.2
-4.525,-104.682,5.7
28.018,128.051,6.0
12.813,-88.252,5.6
1.068,124.04,6.0
3.672,126.954,5.5
-23.007,-176.365,5.6
-8.474,111.1,6.1
-65.346,178.521,5.6
-49.804,110.567,5.5
1.119,124.172,5.7
1.084,124.089,6.0
1.077,124.115,5.8
31.344,140.885,5.5
2.617,125.687,5.6
-26.538,-177.743,5.6
24.027,95.932,6.3
-60.774,154.04,5.7
-0.073,123.03,5.8
45.704,142.263,6.0
-60.373,-57.074,6.2
-26.503,-70.659,5.8
-37.689,176.861,6.2
-60.728,-21.969,6.5
16.867,147.009,5.7
-3.595,129.088,5.8
-18.893,172.337,5.6
-36.104,-101.22,6.1
-17.981,-174.726,5.7
-23.61,-175.467,5.5
51.501,-173.446,5.9
-5.311,102.974,5.7
-28.314,-176.716,6.5
-33.719,-178.862,5.9
6.129,-82.349,5.9
18.972,-80.592,5.6
34.2,-116.437,7.3
34.131,-116.408,5.77
34.12,-116.323,5.7
34.162,-116.852,5.53
34.203,-116.827,6.3
-10.666,161.44,5.9
11.77,-87.507,5.5
34.105,-116.403,5.69
27.799,139.455,5.6
-32.903,-178.592,5.6
-13.314,-111.131,5.8
44.695,149.482,6.5
-22.483,-178.413,7.2
35.21,-118.067,5.67
41.457,142.031,6.2
44.524,149.568,5.7
3.09,122.005,5.8
51.171,157.626,6.2
-3.919,-76.602,6.3
-4.725,125.455,6.0
45.361,151.063,5.5
1.331,123.19,5.6
-8.774,121.442,5.7
39.354,143.225,5.9
-4.522,-106.042,5.8
44.809,150.286,5.6
-10.38,-78.55,5.8
-16.09,-177.456,5.5
-6.49,147.85,5.5
39.41,143.191,5.8
39.419,143.33,6.9
39.675,143.027,6.1
39.408,143.222,5.5
39.436,143.026,6.4
39.454,143.199,5.9
39.161,143.178,5.8
39.164,143.124,5.8
-11.093,165.298,5.5
39.48,142.956,6.1
-22.723,-175.281,5.7
39.152,143.15,5.5
39.611,143.283,5.6
39.324,143.011,6.0
30.77,137.306,5.5
78.562,5.523,6.7
-54.511,143.744,5.6
39.847,24.39,5.5
-7.036,149.932,5.8
-11.894,166.229,5.5
38.731,143.012,5.9
0.461,-25.105,5.6
-56.841,146.896,5.7
51.516,157.133,5.7
-4.435,127.496,5.6
-55.349,-128.438,5.6
39.607,143.282,5.6
39.495,143.501,6.2
29.584,90.163,6.1
-50.357,-72.095,5.5
-31.481,-67.386,5.5
-18.28,-178.281,5.5
-21.344,-179.189,5.8
-0.883,127.582,6.3
-7.126,121.748,6.6
-10.403,164.269,5.6
-21.738,-177.214,6.1
43.468,-127.014,5.7
-12.127,166.589,6.4
-26.696,-106.363,5.7
-5.586,102.81,5.7
24.667,122.282,5.6
35.728,135.152,5.8
57.589,-142.846,6.9
-31.566,-179.997,6.2
4.005,126.36,6.1
11.762,-87.309,5.7
-0.123,125.186,5.5
80.213,-1.048,5.5
11.757,-87.407,5.5
32.536,141.641,6.4
32.755,141.698,5.8
-6.103,148.875,6.2
5.111,-75.607,5.9
-5.368,146.669,6.3
-20.24,-68.783,5.5
-28.644,-178.324,5.9
50.502,-174.922,6.1
42.142,73.575,7.3
42.1,73.543,6.1
42.107,73.264,6.3
42.104,73.237,6.6
-50.148,130.52,5.5
41.977,140.66,6.2
-56.622,-26.552,6.1
47.716,153.561,5.5
-10.042,160.204,5.9
-20.942,-174.947,5.6
29.087,66.74,5.6
-22.314,-179.526,5.5
-0.965,-13.562,6.9
33.19,137.975,6.3
-17.918,-178.71,6.4
23.749,121.685,5.9
11.742,-87.34,7.7
11.175,-87.44,5.5
11.96,-87.931,5.5
-6.046,112.138,6.7
37.09,-113.47,5.6
37.09,-113.472,5.6
10.441,-86.84,5.7
11.302,-86.725,6.0
-3.922,142.563,5.5
11.999,-87.319,6.0
11.943,-87.457,5.7
-16.839,-173.312,5.5
4.051,-82.582,5.6
76.208,7.286,6.1
-23.509,178.877,5.7
-22.562,-174.974,6.0
10.21,-86.494,5.9
-17.221,167.817,5.7
-22.601,-175.098,5.6
-22.431,-174.87,5.5
-6.087,26.651,6.4
-4.374,-104.65,5.6
-17.191,174.4,5.6
11.582,-86.72,5.6
21.389,117.771,5.5
54.315,166.672,5.5
-21.042,-178.763,5.7
-36.278,-100.224,5.5
11.064,-86.757,5.7
-14.053,167.269,6.3
12.134,-87.616,5.6
-7.816,-13.585,5.6
31.129,130.229,5.8
-6.163,26.718,5.6
-59.478,-25.971,5.5
-61.22,154.359,6.1
-21.127,-175.768,5.6
12.306,-87.576,5.5
-54.401,-27.643,5.6
64.78,-17.594,5.6
-36.978,78.298,5.7
1.289,129.118,6.7
-31.556,-71.589,5.5
1.269,129.245,5.9
1.268,129.314,5.7
53.933,-157.299,5.8
13.474,-90.675,6.0
-19.203,169.043,5.5
24.121,122.648,6.4
51.41,-178.63,6.0
51.281,-178.037,6.6
51.148,-178.175,6.1
51.119,-178.209,5.7
-53.591,-51.661,5.6
51.123,-177.997,6.1
-39.035,-74.911,5.5
-53.655,-51.684,5.5
-30.82,-177.557,5.5
-5.425,151.175,6.2
51.147,-177.872,5.8
51.552,-176.867,5.5
-19.247,168.948,7.4
50.458,153.167,5.6
29.778,31.144,5.8
-14.537,166.711,6.8
51.314,-178.014,5.5
-35.526,-179.855,5.6
-19.226,169.553,6.5
-19.239,169.473,5.5
6.845,-76.806,6.7
-10.022,117.093,5.6
-6.279,130.214,6.2
7.075,-76.862,7.2
7.011,-76.744,5.6
-6.74,105.602,5.8
7.003,-76.775,5.5
3.159,-82.934,5.7
-19.385,169.593,6.2
55.52,166.303,6.0
-24.453,-176.054,5.5
-6.87,144.174,6.2
-30.227,-177.205,6.6
-30.101,-177.271,5.5
-30.125,-177.0,6.5
-29.95,-177.074,5.6
31.355,-4.318,5.6
6.659,-77.193,5.5
-5.352,152.616,6.4
-5.282,152.639,5.8
-5.327,152.661,5.7
-9.469,122.56,6.2
42.589,45.104,6.4
-29.996,-177.074,5.7
-29.536,-177.279,6.6
-5.333,152.633,5.6
-29.796,-177.066,5.5
-30.09,-177.215,5.5
-29.9,-177.352,6.0
-6.72,154.684,5.5
6.834,124.006,6.2
29.941,138.975,6.5
31.284,-4.372,5.6
-2.321,141.262,6.5
-2.298,141.256,6.1
-55.633,-27.629,5.6
-61.542,154.573,6.4
-35.788,-102.281,5.9
-14.238,167.641,6.4
-31.565,-71.565,6.0
-14.242,167.602,5.5
-5.263,152.575,6.2
38.16,26.998,6.1
-15.727,-179.703,6.7
-23.626,-70.38,5.6
-55.866,-26.979,5.5
51.492,-177.611,5.7
53.884,160.688,5.8
-2.925,141.56,5.8
-7.325,156.216,5.5
51.203,-179.238,6.2
-53.767,-51.727,5.9
36.446,70.852,5.6
-22.401,-178.104,6.3
-5.822,130.616,5.8
-16.052,-173.819,5.5
-16.771,167.103,5.7
38.307,22.452,5.9
-8.643,110.423,5.5
35.916,22.491,5.9
-16.325,-175.932,5.5
-56.665,-26.405,6.6
-56.34,-25.49,5.6
-19.578,-173.772,5.8
38.62,72.635,5.6
51.175,179.117,5.8
1.355,-101.323,5.7
-0.085,122.828,5.9
-4.069,102.16,5.7
2.497,128.548,5.5
2.537,128.541,5.9
-13.491,166.497,5.5
-13.538,166.344,5.7
2.582,128.756,5.8
-31.33,-71.992,6.5
2.615,128.77,5.8
35.692,-34.584,6.0
-20.864,169.234,6.0
-22.288,174.307,5.5
61.805,-151.194,5.5
-48.137,-9.878,5.5
37.814,72.194,5.8
10.865,57.291,5.7
37.81,72.185,5.5
43.949,147.145,6.0
-15.483,168.012,5.6
10.141,-103.836,5.7
9.291,93.479,6.0
-56.559,-142.556,5.9
-17.523,167.961,5.7
34.362,141.684,5.6
-8.48,121.896,7.8
-8.52,122.002,5.7
-8.517,121.928,6.1
52.126,178.761,5.5
-14.029,170.753,5.7
-33.64,179.59,5.9
-34.666,179.553,5.9
8.638,126.581,5.6
25.901,61.441,5.7
-6.487,147.144,6.1
-52.893,72.918,5.5
-11.429,166.29,5.8
51.906,158.411,6.1
-25.684,179.561,5.5
-6.582,130.393,7.3
52.006,179.067,5.5
-6.648,130.55,5.7
-19.766,-68.808,5.7
-6.541,130.417,5.8
2.549,126.581,5.7
-15.293,-173.128,6.3
-5.594,152.834,5.8
-1.011,-78.064,5.9
-32.457,-178.282,5.7
-0.564,-19.318,6.8
38.857,142.32,5.7
-6.087,113.05,6.0
0.012,122.914,5.5
-9.295,123.987,5.5
-7.986,159.041,5.6
38.902,142.421,5.8
-32.015,-178.025,6.4
-61.011,154.003,5.6
-39.81,86.452,5.5
-1.513,119.679,5.7
-4.064,129.512,5.8
3.266,128.094,5.9
-22.055,-174.866,6.0
0.136,-16.972,5.7
-32.031,-178.073,5.6
-32.036,-178.074,5.6
-25.085,-179.987,5.5
13.006,49.351,5.5
-32.199,-178.113,5.5
-59.274,-26.205,6.7
5.5,-82.564,5.5
5.366,-82.541,5.7
-55.931,-27.203,5.5
17.955,-76.583,5.5
-50.791,139.505,6.3
42.982,144.165,6.1
43.3,143.691,7.6
-58.634,-26.177,5.6
18.414,145.734,6.4
30.837,90.373,5.9
-45.118,34.996,5.9
38.649,133.465,6.6
-2.077,125.196,5.6
1.221,126.072,5.9
3.144,97.633,6.2
-32.263,-178.178,5.9
-8.318,121.377,5.8
-7.205,128.566,6.4
78.873,125.638,5.5
24.114,121.709,5.7
54.475,-161.633,5.6
-53.31,73.189,5.7
-15.211,-173.498,5.7
23.027,101.062,5.6
42.219,86.132,5.7
-29.726,-176.87,5.6
18.785,145.391,5.7
13.619,123.072,5.6
12.495,141.923,5.5
-1.286,-24.277,5.5
12.542,141.985,5.5
12.573,141.882,5.9
-56.522,-25.765,5.7
37.634,137.245,6.6
-4.834,101.916,5.7
0.696,-29.666,5.5
45.709,141.938,5.6
-7.745,105.262,5.8
-14.926,-176.924,6.2
-12.505,166.387,5.9
-6.002,150.604,5.6
-0.457,-19.454,6.3
-22.11,-174.838,5.5
-6.726,127.636,5.7
47.191,154.125,5.7
47.129,154.061,5.5
47.125,154.064,5.6
-24.931,-68.386,5.7
-23.996,-177.218,5.7
40.268,142.333,5.7
49.842,156.193,5.5
-3.744,138.536,6.2
-8.294,122.303,5.9
-6.274,147.258,5.6
-13.342,175.009,6.0
-13.241,174.872,5.7
28.71,-113.122,5.7
-10.972,164.181,7.1
-11.025,163.921,6.0
-26.536,-177.355,6.6
-11.062,163.386,6.7
-10.889,164.406,5.6
-11.123,163.298,5.6
-6.706,131.616,5.5
-55.678,146.999,6.2
-59.624,-25.709,6.3
-59.7,-25.719,6.5
-16.71,-172.712,5.7
-59.406,149.43,5.6
-14.385,-178.252,6.4
-14.293,-178.19,5.5
-18.218,-178.43,5.5
19.626,38.799,5.7
-26.708,-70.918,6.7
11.625,41.987,5.6
-37.691,-74.939,5.6
38.34,22.155,5.8
-26.742,-70.966,6.0
36.038,141.55,5.6
-56.084,-27.803,6.3
29.084,87.333,6.2
-18.042,-178.528,6.3
52.172,-172.889,5.7
-49.888,-114.991,5.5
41.8,143.467,6.0
45.03,-122.61,5.6
45.0351667,-122.6065,5.6
-13.114,175.001,5.5
13.387,120.484,5.9
-53.039,27.396,5.7
-22.089,-67.325,5.8
-22.756,179.249,5.7
17.322,-100.91,5.5
-19.923,-177.538,5.7
-17.84,-177.073,5.7
-17.373,-171.921,6.0
-59.801,-26.312,6.3
-59.786,-26.344,5.5
-59.806,-26.352,5.8
-59.787,-26.203,5.7
-31.477,-13.591,5.5
14.937,120.51,5.6
-54.128,-129.65,5.5
-39.744,176.542,5.7
1.196,126.518,5.8
51.131,-168.825,5.9
-16.395,-14.293,5.6
-18.182,-178.092,5.6
56.212,-155.086,5.5
-17.778,-178.864,6.9
-16.595,-177.397,6.3
-11.652,-76.53,6.3
-53.958,-133.868,6.3
4.015,128.204,6.8
-54.366,144.086,5.9
-20.883,-178.699,5.8
-17.871,179.849,6.3
-15.679,-172.96,6.0
-1.897,145.753,5.5
-6.138,147.761,5.5
-55.672,-27.142,5.5
26.414,127.269,5.5
-17.352,-14.5,5.6
-56.415,-24.491,6.4
0.971,-27.794,5.5
-21.151,-175.883,5.7
-59.852,-26.302,5.5
-27.973,-176.67,5.7
46.711,153.513,5.7
-8.472,-71.485,6.1
-53.024,-118.037,5.8
2.345,-99.885,5.6
-24.919,-70.464,5.7
7.219,126.57,7.0
-20.46,-177.812,5.5
-3.836,135.481,5.5
55.177,-160.458,6.9
-22.257,169.507,5.6
7.23,126.641,5.8
16.673,-98.417,6.0
16.698,-98.395,6.1
-28.073,-176.637,5.6
-54.71,-131.925,5.7
51.374,-178.669,6.9
-15.286,-173.332,6.6
11.105,124.846,5.7
54.981,-160.038,5.7
-5.343,151.985,6.4
-5.25,152.083,5.8
37.165,-117.774,6.1
-5.448,152.141,5.5
19.914,122.45,6.8
-30.465,-178.142,5.5
-8.347,121.992,5.6
13.757,-90.952,5.8
-0.023,124.793,5.7
-16.171,167.914,5.7
-23.238,-66.631,6.2
-22.671,-66.543,7.0
-13.494,167.12,5.6
55.021,-160.513,6.2
-5.522,151.832,5.7
-29.359,-178.271,5.8
5.461,-77.514,5.5
-27.264,66.474,5.6
55.862,-155.171,5.5
19.072,-26.476,6.4
-3.674,142.703,5.8
-5.423,150.514,5.7
1.546,127.207,6.1
1.559,127.248,5.6
-0.621,124.208,5.7
-72.448,174.838,5.5
-45.711,-77.211,5.9
-46.471,33.954,5.8
51.513,-178.744,5.8
-36.237,179.597,5.7
-14.841,167.299,6.1
9.595,126.512,5.6
11.799,142.493,5.6
3.734,128.497,6.0
-24.509,-175.928,5.5
15.823,146.595,6.5
35.972,141.529,5.8
-31.669,-15.695,5.5
51.218,157.829,7.5
-31.56,-69.234,6.3
-24.353,-176.082,5.6
-11.14,162.937,6.1
-5.609,148.095,5.7
13.25,-87.528,5.9
-4.375,135.118,6.1
51.259,157.692,6.3
-6.38,155.476,5.6
-11.162,163.113,5.5
24.959,127.867,5.5
-4.991,145.459,6.2
-28.444,-176.991,5.6
-28.866,-176.869,5.7
-29.053,-176.753,6.6
-28.772,-176.881,5.9
-28.678,-176.893,6.7
-28.817,-176.803,6.0
10.175,-103.627,5.8
-28.299,-176.643,5.7
-6.946,155.776,5.8
-60.549,-56.376,5.8
-28.835,-176.419,5.5
-28.787,-176.62,5.5
-62.922,-159.578,5.5
-60.437,152.775,6.4
-20.836,172.957,6.7
71.511,-11.422,5.7
-24.886,-112.393,5.9
8.542,-102.91,5.6
30.242,138.808,5.6
-24.601,-111.888,6.4
27.887,127.992,5.5
13.693,123.674,5.7
-20.832,169.294,5.5
-20.858,172.317,6.0
-17.369,167.929,5.9
-19.782,-177.486,6.1
9.821,-83.622,5.8
-25.304,-70.166,6.6
47.626,154.156,5.8
42.851,139.197,7.7
42.082,139.167,5.6
43.124,139.183,6.3
42.825,139.288,6.0
-3.372,145.633,5.8
38.224,21.756,5.6
-33.173,-71.994,5.7
-30.0,-71.591,5.7
2.036,126.678,5.5
-16.807,-172.595,5.8
-0.087,-16.71,5.5
-35.967,-97.976,5.7
13.349,-90.771,5.6
6.47,-71.21,6.1
-54.439,-119.333,6.0
21.76,144.261,5.7
36.437,70.416,5.7
-18.341,-178.104,5.6
5.07,127.714,5.8
-13.06,167.056,6.0
-10.903,162.315,5.6
-5.573,154.132,6.2
15.385,31.69,5.5
30.828,131.418,5.6
51.188,-130.797,6.0
28.729,34.553,6.1
28.777,34.668,5.7
-1.629,99.615,6.5
-5.43,151.7,5.5
-18.104,-178.333,5.6
26.585,125.612,6.4
-23.866,179.846,6.7
41.985,139.839,6.5
0.841,120.368,5.5
12.982,144.801,7.8
13.483,145.657,5.7
13.381,145.663,5.7
36.436,70.711,6.4
36.379,70.868,7.0
-45.277,166.927,7.0
-38.52,177.553,6.4
83.066,-27.533,5.6
-45.209,166.857,5.6
13.178,145.651,6.2
-12.744,166.518,5.8
-35.989,178.51,6.3
0.711,-25.956,5.8
-36.014,179.892,5.6
12.966,144.972,6.0
13.169,145.531,5.5
51.579,-171.217,5.6
7.197,126.807,5.9
7.167,126.743,5.5
-5.997,142.743,6.2
-15.25,-173.193,5.5
21.686,143.064,5.5
-46.404,96.032,5.7
-21.278,-178.023,6.1
14.238,-90.701,5.8
-44.718,-79.958,6.2
-35.899,178.265,5.6
-5.48,154.193,5.7
6.571,94.668,5.9
-7.005,129.56,5.9
31.712,141.611,5.9
-4.331,102.567,5.7
2.986,96.122,6.3
14.428,-92.732,5.5
14.523,-92.713,6.8
-16.166,-176.732,5.5
14.475,-92.854,5.6
36.429,70.812,6.0
-9.571,122.528,6.2
-4.641,153.231,6.6
-31.635,-179.44,6.5
-56.214,-27.332,5.7
14.429,-92.805,5.8
14.415,-92.764,6.0
14.717,-92.645,7.2
42.003,142.581,5.5
-4.689,-76.318,5.7
-32.51,-71.565,5.6
20.113,121.446,5.6
14.375,-92.312,5.7
13.826,-90.429,6.0
-29.608,-177.279,5.9
-6.072,149.908,5.7
-29.492,-177.136,6.3
-29.499,-177.078,5.6
-29.692,-177.108,5.5
11.242,-86.321,5.8
-29.598,-177.042,5.9
-29.794,-177.095,5.7
14.231,-93.114,5.6
-29.384,-177.081,5.5
-29.496,-177.286,5.7
-29.653,-177.243,5.6
44.533,149.036,5.5
1.632,126.77,5.6
14.388,-92.703,5.5
36.421,71.592,6.3
43.108,139.154,5.5
14.48,-93.162,5.5
14.362,-93.325,6.4
0.75,-29.354,6.3
-5.225,102.829,5.6
42.31,-122.0,6.0
42.3161667,-122.0266667,5.9
42.35,-122.02,5.9
42.3575,-122.0583333,6.0
-4.525,-105.723,5.8
11.478,39.638,5.7
-6.47,154.901,6.1
9.997,138.222,6.3
13.009,145.016,5.8
30.678,132.121,5.6
-53.651,-51.621,6.6
-6.122,147.601,5.5
-18.966,167.667,5.5
0.494,121.528,6.4
-42.677,-18.385,6.0
-6.03,149.348,5.9
18.066,76.451,6.2
15.417,-94.698,6.5
38.19,88.663,6.1
38.169,88.605,5.8
-3.444,148.805,6.0
38.171,88.69,5.6
30.599,137.671,5.8
-21.437,-174.301,6.0
41.667,88.695,5.9
-6.13,128.965,6.6
-35.903,-102.778,5.8
46.505,150.037,5.5
-4.544,153.316,5.6
-17.845,-178.726,6.0
32.02,137.832,6.9
7.576,121.484,5.5
-6.426,154.934,5.5
-5.889,146.02,6.9
-5.932,146.153,6.5
-6.013,146.061,6.0
-50.436,139.904,6.0
-5.898,146.202,6.3
7.472,123.447,5.8
-10.989,163.268,5.5
-22.378,-65.971,6.0
-5.163,151.901,5.5
-56.497,-138.909,5.6
-54.835,-26.557,5.7
11.327,125.396,5.6
16.755,-98.717,6.7
-55.621,-128.041,5.8
-5.882,145.933,5.9
-5.909,145.99,6.7
-5.858,146.016,6.1
38.477,98.655,5.9
-18.279,-177.874,5.8
-46.706,-93.729,5.5
51.509,-178.184,5.8
15.437,121.785,5.5
-19.305,-176.231,5.7
-31.704,-68.232,5.8
-10.065,161.21,5.7
-7.123,67.916,5.6
-5.793,145.912,5.6
-3.188,148.339,6.2
-21.983,-177.506,5.5
14.353,53.744,5.6
-15.344,-177.029,5.9
50.2,-177.446,6.0
-4.543,153.147,6.0
13.813,-90.437,5.6
51.414,-177.976,5.6
16.288,-98.638,6.0
51.934,158.647,7.0
-22.428,169.725,5.5
-22.572,-68.571,5.8
30.798,67.219,5.6
1.577,124.033,5.5
51.816,158.659,6.0
54.287,-164.164,6.5
14.807,-93.972,5.6
7.317,-34.703,5.8
60.025,-153.003,5.9
5.877,126.229,5.9
11.743,-86.135,5.9
-22.035,170.094,6.0
-0.963,-13.264,5.7
-9.597,158.148,6.2
38.625,141.164,5.8
-5.599,110.267,5.5
10.294,126.477,5.8
-59.047,-18.158,5.9
39.263,75.533,5.6
-16.995,-177.048,5.6
-57.475,-25.685,5.7
51.204,179.308,5.6
-49.954,114.201,5.5
-60.353,-20.446,5.5
-3.59,131.256,5.5
-33.838,-71.913,5.6
-6.36,154.916,5.9
0.73,122.702,5.6
0.486,125.995,6.9
0.425,125.891,6.8
-22.18,-179.575,5.7
20.912,121.282,6.1
13.693,123.035,5.6
0.317,125.939,5.9
0.344,125.925,5.9
-20.422,-173.839,5.8
5.53,-82.497,5.7
-20.704,-173.451,6.0
-20.778,-173.491,5.7
