-13.624,168.939,5.5
53.804,171.382,6.1
-20.477,-173.883,5.7
-6.876,131.34,6.3
-21.853,-178.646,5.8
12.519,125.267,5.9
-20.23,169.789,7.0
-20.076,169.68,5.9
-19.99,169.857,6.5
-19.983,169.756,5.8
44.735,78.793,5.5
-6.53,148.518,5.6
49.721,-126.768,5.7
36.028,100.104,5.7
-49.265,164.222,6.1
-4.301,135.145,6.0
-4.172,135.22,5.5
16.413,145.603,5.5
16.671,145.631,5.6
39.085,15.145,5.8
52.028,159.019,5.7
-0.591,98.601,5.6
-13.339,-69.446,6.9
25.231,97.203,6.1
35.959,21.945,5.5
39.247,75.493,5.5
-59.653,-26.397,5.7
1.979,126.845,5.7
-20.849,-173.926,5.7
34.213,-118.537,6.7
34.275,-118.493,5.89
34.32,-118.7,5.8
34.326,-118.698,5.58
-3.176,135.97,6.8
-17.584,-178.495,6.1
23.976,121.811,5.5
-6.002,-77.052,5.8
1.015,127.733,7.0
-4.859,103.664,6.0
-60.733,154.36,5.6
44.977,149.791,5.7
10.601,-41.715,6.3
41.728,143.669,5.5
-29.184,-177.589,6.0
19.244,-155.288,5.6
-11.315,163.863,6.1
-10.199,161.167,5.5
42.762,-110.976,5.8
-15.413,166.961,5.5
-41.886,84.49,5.6
-21.695,-174.153,5.6
0.593,30.037,6.2
51.808,-170.145,5.7
66.512,-19.22,5.5
-4.241,140.644,5.6
-21.126,-174.091,5.5
-18.773,169.169,6.9
48.483,154.122,5.5
-10.786,-128.798,6.7
-20.553,169.361,7.0
-41.446,-89.421,5.7
-20.559,168.917,5.7
51.92,158.894,5.9
-20.563,169.393,6.0
-4.967,104.302,6.9
-20.473,168.886,5.6
36.104,100.164,5.6
-20.399,168.866,6.5
-26.271,178.273,5.7
-20.094,168.906,6.0
-19.979,169.011,5.5
-20.07,168.89,6.3
-18.991,168.134,6.4
-20.111,168.875,5.9
-20.23,168.925,6.1
9.891,125.838,5.6
-9.645,152.025,5.5
-9.506,152.083,5.8
-45.33,96.232,6.3
-20.493,169.072,6.0
2.059,126.475,6.0
-56.406,-25.627,5.7
13.691,120.787,5.9
-22.304,170.509,5.5
-21.551,-113.656,5.7
30.853,60.596,6.1
30.765,60.519,5.5
18.05,-97.182,5.8
-17.454,-174.287,5.9
18.509,146.896,5.7
30.775,60.495,6.3
-17.421,-174.287,6.1
-17.42,-174.271,5.7
30.897,60.549,6.1
30.805,60.562,5.6
44.636,-129.94,5.6
29.096,52.617,6.1
-21.556,-113.701,5.8
11.737,140.1,5.6
-9.58,154.986,5.9
-9.444,159.604,5.8
-18.039,-178.413,7.6
-17.985,-178.257,6.0
34.22,139.167,5.5
-6.109,150.503,5.5
11.943,-86.893,5.6
16.747,-94.273,5.6
-1.083,-23.929,6.0
-1.278,-23.569,7.0
15.994,-92.428,6.9
11.11,-88.083,6.4
51.546,159.3,5.5
24.054,122.367,5.6
-36.154,52.427,5.7
24.788,-109.109,5.7
51.5,159.29,5.5
58.363,164.105,5.5
-16.559,-172.704,5.5
9.003,126.254,5.9
-22.057,-179.533,6.5
-24.26,-178.982,5.5
-16.031,-172.26,5.5
-15.318,-177.495,5.8
-36.646,78.528,5.7
-15.03,168.233,5.6
-15.468,-173.014,5.8
51.296,-178.152,6.2
36.165,141.505,5.5
26.188,96.867,5.9
-17.371,167.816,6.2
40.608,143.683,6.4
14.72,-92.004,6.0
23.71,126.852,6.1
11.735,42.859,5.9
-21.034,-174.175,5.5
22.775,123.628,5.8
-3.136,135.968,6.5
-6.587,129.771,5.7
-7.015,155.885,5.5
12.995,144.561,5.5
-31.57,-71.247,5.6
1.877,127.382,5.6
-6.661,155.198,5.6
37.43,20.617,5.5
-15.905,167.51,5.7
-6.47,154.934,6.7
-21.412,-178.8,5.9
-15.004,-70.459,5.6
-17.8,-178.404,5.9
-5.617,154.067,5.8
-5.702,154.12,6.7
-14.175,167.537,6.2
-14.196,167.609,5.5
-21.015,-178.69,5.7
11.604,43.014,5.6
-9.343,113.058,5.8
-16.019,167.991,5.8
-21.515,-173.667,6.3
13.074,119.545,6.0
-5.758,154.128,5.5
-39.312,-74.756,5.6
-28.299,-63.252,6.9
31.42,131.292,5.9
36.901,67.163,6.1
10.816,-85.978,5.8
-1.116,97.487,6.1
13.963,-90.959,5.5
10.241,-60.758,6.2
-17.047,168.265,6.2
-59.982,-18.55,5.8
-4.681,153.099,5.9
52.958,159.99,5.7
-15.3,-173.356,5.5
-5.485,147.094,5.5
-35.731,-99.203,5.6
-2.06,99.731,5.7
-19.613,-69.792,5.9
20.999,120.322,5.5
-28.501,-63.096,6.9
13.433,120.603,5.7
-2.008,99.77,6.5
-2.056,99.669,6.1
25.068,-109.294,5.6
7.972,123.189,5.9
-21.168,169.736,5.6
-2.116,99.521,5.9
-1.902,99.618,5.9
44.727,149.401,6.2
-29.063,-178.376,5.7
-8.189,124.766,5.5
-8.144,124.816,5.5
25.099,128.829,5.5
-24.232,-66.852,5.5
18.165,-100.527,6.3
24.166,122.535,6.2
24.028,122.526,5.6
35.559,24.727,6.1
-15.38,-172.325,5.6
24.065,122.56,5.9
38.664,26.542,5.5
-15.607,-74.735,5.6
23.959,122.448,6.6
23.903,122.543,5.5
56.17,161.169,5.8
-4.199,135.489,6.5
22.988,142.372,5.7
-1.962,138.805,5.6
7.646,94.279,5.9
5.679,61.528,5.5
35.305,-4.103,6.0
23.397,142.307,5.6
20.556,94.16,6.5
-10.289,-108.354,5.6
7.414,-72.033,6.0
-10.477,112.835,7.8
-10.391,112.998,5.6
3.524,-78.778,5.8
-10.468,112.962,5.6
-10.362,112.892,6.6
-10.416,112.897,5.9
28.736,70.07,5.9
-10.395,113.588,5.6
-10.473,112.81,5.5
-10.777,113.366,6.5
-10.831,113.225,5.6
-10.826,113.199,5.5
24.511,121.905,6.4
-10.349,113.398,6.1
-10.717,113.492,5.6
-10.645,112.654,5.5
28.598,129.099,5.6
2.917,-76.057,6.8
16.791,-85.89,5.5
-13.841,-67.553,8.2
-14.365,-68.439,6.1
13.259,124.281,6.2
-10.143,113.623,5.8
41.527,88.71,5.8
27.995,140.7,5.8
-10.285,113.491,5.6
-10.233,113.569,5.8
-5.472,151.841,6.2
3.922,128.169,5.6
-10.328,113.621,5.6
1.525,126.305,5.6
-10.335,113.66,6.2
-10.149,113.686,5.5
-10.168,113.749,6.1
-7.391,128.125,5.9
-15.25,-70.294,6.0
-42.963,171.658,6.8
-10.15,113.632,5.5
-43.273,171.611,6.0
28.968,52.614,5.9
-28.779,-176.749,5.7
-64.519,175.22,5.5
-28.739,-176.844,5.5
-36.236,-98.189,6.1
11.464,-86.208,5.6
32.567,93.673,5.9
36.326,71.13,6.3
40.232,53.383,5.6
-3.243,135.878,5.6
-10.555,163.063,5.6
-21.071,-178.695,5.6
-21.115,-178.729,5.5
-5.763,131.103,5.8
7.656,-82.289,5.5
14.888,-97.322,6.5
-16.301,-177.472,5.9
10.432,125.322,5.9
-12.154,65.67,5.5
5.983,125.929,5.9
-37.217,-95.101,5.7
19.756,-70.924,5.6
-16.62,167.518,7.2
-16.643,167.379,5.6
-16.812,167.249,6.7
-7.532,127.77,6.5
-16.582,167.452,5.9
-16.709,167.366,5.7
55.403,-163.814,5.5
-4.619,125.615,5.7
-16.68,167.383,5.6
-29.573,-177.318,5.7
-9.591,112.939,5.5
-23.438,-175.47,5.6
-7.025,156.765,5.5
42.34,132.865,7.3
41.253,132.31,5.8
-7.777,158.417,6.0
16.714,-61.367,5.5
-15.788,-173.03,5.9
-5.726,153.983,5.6
-17.889,-172.967,5.6
-16.966,167.574,6.4
-56.967,-25.497,5.6
-56.362,-27.365,6.6
-10.263,113.59,5.7
-47.278,100.224,5.8
52.398,-168.333,5.8
-16.984,167.739,5.9
32.558,48.369,5.6
52.428,158.044,5.9
21.514,93.981,5.8
-24.09,-179.925,5.6
-6.338,131.575,6.2
52.245,174.056,5.5
51.134,-179.294,5.5
-55.37,-128.152,6.2
-17.169,-176.916,5.6
51.085,-179.172,5.5
-13.817,-68.369,5.6
24.721,95.2,6.1
10.634,94.382,5.5
-15.88,168.46,5.5
-16.889,167.189,5.5
-58.756,-25.538,5.5
-21.84,-176.708,5.9
-21.6,-173.768,5.8
44.709,150.103,6.0
44.694,150.011,6.3
38.794,142.075,5.9
-29.808,-71.594,5.5
16.751,-60.739,5.5
29.361,130.194,5.7
37.842,142.462,5.8
-7.433,31.751,5.9
35.52,-0.106,5.9
44.679,150.221,5.7
44.767,150.158,6.6
44.815,150.279,5.9
-26.642,-63.421,6.5
17.974,96.415,5.8
44.606,149.325,5.6
44.656,149.176,6.2
56.761,117.9,6.0
-11.509,166.452,6.2
-23.786,179.992,5.6
34.245,91.814,5.5
-35.483,-104.892,5.5
6.802,126.729,5.5
-7.256,129.239,5.5
17.012,-95.844,5.6
5.659,126.234,5.6
44.783,150.061,6.6
-0.404,-19.172,5.8
44.737,150.117,5.7
-15.248,-173.34,5.7
-6.965,124.111,6.2
43.719,146.013,6.2
40.4055,-126.3028333,7.0
-10.944,166.246,5.9
41.183,21.196,5.8
-18.462,-172.905,5.6
-3.309,130.79,5.5
-31.422,-111.028,5.7
-21.212,173.64,6.3
46.782,155.226,5.6
-34.27,179.537,5.6
-11.911,166.234,5.6
-11.8,164.86,5.5
0.54,126.173,5.7
7.552,126.599,5.6
-9.211,-108.722,5.5
-16.048,166.69,5.7
-31.103,-71.706,6.0
-8.91,106.476,5.7
38.82,-119.65,5.9
38.819,-119.652,5.7
-15.455,-172.99,6.0
-15.118,-172.99,5.5
29.287,129.91,6.1
7.054,-76.678,6.1
-22.278,174.687,5.8
-31.251,-71.658,5.5
-16.521,-172.998,5.5
-57.803,-8.769,6.0
22.528,118.711,6.8
-32.186,-71.68,5.7
7.433,126.748,5.8
-32.24,-71.836,5.5
-3.379,148.537,6.1
5.68,-79.185,6.2
51.313,178.388,5.8
-5.786,110.352,6.6
-5.731,110.364,6.0
-4.708,102.2,5.5
-21.217,-179.293,5.8
-18.278,-178.475,5.5
-17.849,167.805,5.7
-17.745,167.682,6.5
-17.768,167.83,6.2
43.773,147.321,8.3
43.788,147.187,6.1
43.682,147.576,5.6
43.786,147.76,5.9
43.963,147.999,5.7
43.526,147.908,6.3
43.776,147.21,5.5
43.706,147.991,6.3
43.43,147.902,6.0
43.66,147.445,6.0
43.774,147.504,6.0
43.983,147.292,5.7
43.798,147.138,5.5
23.101,121.479,5.5
43.398,148.078,5.8
43.686,148.088,5.7
43.228,147.4,5.5
43.627,147.45,5.7
43.592,147.449,6.0
43.954,147.336,6.1
43.239,148.061,5.6
-56.628,-141.923,5.5
43.614,147.289,5.6
41.662,88.753,6.0
43.117,146.866,5.5
-1.258,127.98,6.8
43.905,147.916,7.3
43.714,148.033,5.9
43.861,148.063,6.1
43.495,148.237,5.6
43.883,147.341,5.8
51.484,-173.897,5.7
-32.1,-71.447,5.8
13.765,124.538,5.9
13.773,124.529,6.4
-6.936,155.781,5.5
-1.212,127.912,6.4
-3.804,152.148,6.1
-9.297,-75.775,5.6
45.749,149.167,6.7
43.576,147.097,5.9
-9.521,159.453,5.5
-39.187,-70.811,6.0
-21.917,-175.058,5.5
36.391,69.708,5.5
36.359,70.957,6.0
1.83,126.023,5.5
43.515,-127.427,6.3
-25.778,179.339,6.7
-6.19,154.48,5.8
14.537,-103.755,5.9
24.759,122.208,5.6
-28.032,26.738,5.6
-6.183,129.446,5.9
3.019,96.192,6.2
9.037,-83.323,5.6
-17.876,-172.883,5.5
-1.432,67.947,5.7
5.099,118.643,5.7
-10.931,166.247,5.8
-9.379,-71.334,6.1
-17.417,-172.027,5.5
-57.193,157.858,6.5
10.721,141.311,5.6
-9.386,-71.335,5.6
7.273,126.98,5.5
43.556,147.144,5.8
-5.719,154.186,5.5
-15.626,-72.535,5.8
13.525,121.067,7.1
13.136,121.184,5.5
-5.589,110.186,6.5
47.451,154.927,6.0
-56.173,-142.612,5.8
43.571,147.483,5.5
-9.794,159.712,5.6
-20.766,172.748,5.9
-2.001,135.932,6.3
4.33,97.591,6.1
25.54,96.657,5.9
43.961,147.293,5.6
-53.07,159.456,5.5
-20.126,169.126,5.7
5.768,119.324,5.5
-2.526,138.688,5.5
-8.576,159.833,5.5
-15.316,-75.294,5.5
-23.422,-66.639,6.0
-3.459,130.94,5.5
1.967,120.844,5.7
-23.534,-70.591,6.0
18.136,-101.384,6.5
-24.855,-179.112,5.7
-17.477,-69.598,6.3
-9.975,119.199,5.6
16.314,-98.443,5.5
-3.166,130.534,5.5
-9.519,159.411,6.1
2.729,128.158,5.7
-8.485,-80.185,5.6
-37.282,177.523,6.5
-3.262,139.842,5.8
-27.32,-176.715,5.8
-17.838,-178.703,5.7
-54.103,143.412,5.7
-17.82,-178.631,5.5
-6.134,103.933,5.5
-30.085,-178.351,5.5
40.74,-124.31,5.5
-31.965,179.86,6.4
20.517,145.724,5.5
44.917,149.584,5.6
40.525,143.419,7.8
40.466,143.612,5.6
39.458,143.486,5.7
40.313,143.626,5.7
40.239,143.546,5.7
40.015,143.215,5.7
40.094,142.687,6.2
-32.961,179.862,5.7
40.375,143.636,6.4
40.187,143.583,5.8
40.773,142.109,5.5
35.655,80.663,5.5
18.552,145.363,6.3
-4.265,152.749,5.5
40.217,142.546,6.0
40.701,143.549,6.5
-19.634,-178.106,5.6
-57.699,-65.883,5.9
-56.06,-123.232,6.0
-22.033,168.902,5.7
-56.497,-25.319,5.5
9.189,126.179,5.8
40.246,142.175,7.0
40.258,142.364,6.0
1.459,-90.563,5.6
35.88,141.343,6.0
20.205,109.153,5.5
41.934,142.484,5.6
-22.18,-179.536,5.6
1.142,-90.567,5.6
44.061,147.033,6.0
43.165,147.029,5.6
-27.929,-178.273,5.7
27.511,128.46,5.6
-5.246,152.04,6.0
51.26,179.168,6.3
51.299,179.165,5.7
34.583,135.018,6.9
-20.833,-179.236,6.3
-19.16,167.402,5.5
43.376,146.971,5.6
-7.395,128.26,5.9
5.05,-72.916,6.5
-10.99,162.145,5.8
43.333,146.8,5.6
14.026,-91.868,5.7
1.184,125.998,5.9
2.563,126.882,6.2
43.377,146.72,6.3
-7.046,129.113,5.6
-20.436,-177.929,5.7
5.093,-72.965,5.7
-27.123,-176.512,5.5
-26.835,-176.472,5.8
-27.153,-176.457,5.6
-5.902,154.492,6.2
-26.975,-176.548,5.7
-26.961,-176.538,5.5
14.41,-92.911,5.5
14.248,-91.72,5.5
-4.434,134.476,6.8
43.977,148.139,5.6
29.278,141.15,5.6
-42.423,-18.458,5.5
10.739,-42.559,5.8
-6.234,148.795,6.0
-62.711,155.666,6.4
-13.908,66.082,5.5
6.809,-82.666,6.0
-37.759,178.752,7.1
-37.852,178.814,5.6
-37.825,178.844,5.9
-37.952,178.733,5.9
41.182,142.167,5.7
-37.811,178.816,5.6
4.104,-76.622,6.4
-37.969,178.591,5.7
-29.639,-112.002,5.6
-37.855,178.602,6.5
-19.942,-68.761,5.6
-10.662,165.153,5.6
12.591,-81.576,5.7
-5.762,-76.109,5.6
59.436,-153.127,5.6
-37.621,178.629,6.0
-1.332,127.512,5.9
-1.278,127.444,6.3
-1.31,127.429,6.3
-1.338,127.357,5.7
-1.164,127.391,5.5
-1.318,127.438,6.7
-1.607,127.492,5.6
-23.366,-67.688,6.0
29.269,139.174,5.5
44.022,148.031,5.9
27.635,92.371,5.5
46.702,145.875,5.5
5.244,126.265,6.0
40.5918333,-125.7566667,6.6
43.131,146.833,5.8
-1.35,127.62,5.5
-27.774,76.172,5.5
46.012,151.527,6.2
39.748,143.661,6.2
24.137,121.614,6.2
39.788,143.572,6.1
35.046,32.279,5.9
-26.662,-112.629,5.6
-18.213,-178.069,5.7
6.976,-81.86,6.0
-6.551,155.004,5.6
-6.496,155.008,5.7
-14.688,-175.486,5.9
2.69,118.226,6.1
16.562,-59.559,6.2
46.121,143.484,5.7
44.07,148.079,5.9
-5.346,146.731,6.0
-2.788,134.377,5.8
3.05,95.845,5.5
-15.148,-64.817,5.6
54.776,-161.339,6.2
-21.605,-176.477,5.7
-13.175,166.821,5.5
-8.661,-108.946,5.5
-4.231,135.013,6.1
-4.183,135.109,6.9
-8.012,116.494,5.8
-54.792,-118.778,5.6
-4.054,135.255,5.6
-18.741,-177.794,5.5
-41.042,174.019,5.8
-36.267,-72.956,5.5
-21.28,169.077,5.8
-36.272,-72.964,5.5
-62.588,155.503,5.6
-24.359,-176.93,5.6
-10.998,166.123,6.2
-55.95,-28.214,6.3
54.821,-161.393,5.5
-2.05,-79.492,5.6
-42.493,-100.755,5.5
44.842,137.536,5.8
38.212,135.012,6.2
-22.427,-175.162,5.7
52.264,159.043,6.0
24.066,122.289,5.7
0.698,-26.129,5.9
-20.123,-178.77,5.6
33.749,-38.623,5.8
6.126,126.975,5.8
-15.417,166.23,5.7
-56.7,-26.733,5.5
-15.199,-173.529,7.4
-15.213,-173.421,6.1
-15.216,-173.319,5.5
-15.351,-173.359,5.5
-21.612,170.083,5.9
21.833,142.691,6.2
52.171,159.046,5.5
3.139,126.933,5.6
-13.446,170.434,6.2
-0.592,124.261,5.6
-22.252,170.54,6.1
30.285,-103.347,5.7
-60.774,-20.074,6.5
-1.837,-77.507,5.5
-9.796,159.578,5.6
-8.527,156.612,5.9
33.763,-38.576,6.2
-55.663,-27.425,5.5
-11.34,166.271,5.5
45.928,151.283,6.8
-2.061,140.457,6.1
45.829,151.444,5.6
-54.235,-136.596,5.7
44.046,148.144,5.8
6.279,126.777,6.6
11.973,125.688,6.0
12.011,125.656,6.9
11.925,125.564,6.8
12.059,125.58,7.2
12.047,125.92,6.8
-51.143,161.885,5.5
11.828,125.86,5.7
51.334,179.714,6.5
12.39,125.396,6.8
5.954,123.818,6.1
12.226,125.84,5.5
12.483,125.386,5.7
-5.902,147.417,6.0
12.373,125.345,5.6
1.297,-85.031,6.2
-13.509,167.2,5.5
-21.405,-174.337,5.5
44.072,148.004,6.9
44.091,148.074,6.2
11.853,125.982,6.1
-16.778,176.985,5.9
-10.568,161.399,5.7
-3.792,-76.917,6.7
43.776,84.66,5.5
-60.427,154.042,6.2
1.889,128.478,6.1
12.626,125.297,7.1
12.637,125.238,6.1
-9.897,118.915,5.7
-15.824,-172.798,5.6
-8.725,111.034,5.9
-18.553,168.779,5.9
24.987,95.294,6.4
-15.42,-173.266,6.0
43.838,148.327,5.5
11.529,126.059,5.5
11.465,125.962,6.4
-53.973,-134.304,5.9
40.149,21.695,6.6
-5.304,108.903,5.9
-8.378,125.127,6.9
41.603,88.82,6.1
36.455,70.893,5.9
-20.766,-178.761,5.7
-23.008,169.9,7.7
-23.082,170.047,5.8
-23.089,170.312,5.5
17.899,96.457,6.1
43.409,147.844,5.5
-22.888,170.167,5.5
-23.03,170.108,6.5
-6.524,155.016,5.6
-22.397,170.35,5.7
12.449,125.71,5.6
-0.893,-21.996,6.8
44.322,147.536,5.5
-1.021,120.505,5.9
-56.025,-27.736,5.5
-35.939,-102.647,5.5
-27.855,-176.468,5.6
12.136,-87.935,5.5
-22.795,170.01,6.3
-22.83,170.124,5.8
-9.662,151.507,6.1
-27.913,-176.33,5.5
43.655,141.736,5.6
-55.945,-3.361,6.8
61.007,-150.119,5.6
-52.261,139.805,5.5
12.263,125.701,5.9
43.926,147.331,5.6
40.214,143.364,5.7
12.115,57.939,6.5
52.629,142.827,7.1
-23.936,-176.003,5.5
-23.963,-175.875,5.5
23.013,121.434,5.7
-23.986,-175.972,5.6
-28.978,-71.217,5.7
-10.246,164.001,6.3
10.164,-104.025,5.7
-43.05,171.511,5.5
-60.229,-31.548,5.6
30.232,67.937,5.6
18.956,-107.42,6.4
-46.496,95.943,5.5
-4.304,143.573,5.5
-31.773,-71.296,5.6
18.435,120.852,5.8
-3.676,131.235,5.6
-21.509,-67.98,5.5
11.742,125.859,5.6
32.624,69.68,5.7
11.679,-88.885,5.5
12.128,-88.36,6.6
12.117,-88.339,5.6
38.401,22.283,6.5
-60.269,-31.203,5.7
-18.269,-178.01,5.7
-8.259,123.008,5.6
2.449,-95.391,5.5
-17.868,-176.384,5.5
-61.673,154.766,6.7
-11.538,-77.53,5.6
50.372,89.949,5.5
-16.413,168.108,5.8
-24.563,-177.263,5.8
-3.959,153.93,6.8
-3.321,150.458,6.2
24.6,121.7,6.0
-55.38,-27.907,5.5
-55.359,-27.899,5.6
7.115,-34.342,5.8
-55.333,-27.995,5.7
-55.365,-27.962,5.5
18.835,-81.719,6.0
-17.175,66.871,5.5
-1.551,127.467,5.8
48.793,154.446,6.0
-19.544,169.287,6.6
51.961,103.099,5.8
24.688,-110.228,6.2
24.386,-110.265,5.7
-55.413,-27.654,5.7
-3.788,135.161,5.5
-29.211,-177.589,7.2
-29.117,-177.627,6.1
-28.045,-178.124,5.6
-22.608,170.593,5.6
-53.449,9.114,5.7
-29.415,-177.468,5.5
33.972,137.127,6.0
39.678,143.352,6.0
4.308,62.4,5.6
53.578,-163.74,6.0
-24.265,-176.316,5.8
21.984,99.159,5.9
12.379,141.689,5.5
21.966,99.196,6.8
2.483,116.977,5.5
-23.26,170.865,6.5
12.324,125.058,5.9
-23.08,170.641,5.9
-23.164,170.791,5.5
-19.9,-177.547,5.8
-23.319,170.845,5.5
-3.854,135.266,5.9
46.103,151.03,5.5
-22.719,169.783,6.0
-4.625,153.237,5.8
-6.035,154.51,5.6
-1.33,137.911,5.5
36.427,103.123,5.6
29.74,130.622,5.5
10.702,-41.212,5.7
-16.462,-174.742,5.7
2.534,127.681,6.4
-12.59,79.228,6.0
-21.182,-175.394,6.4
-30.01,-111.993,5.5
4.278,126.656,5.7
30.345,138.381,5.6
-23.34,-70.294,8.0
-23.23,-70.676,5.8
-23.253,-70.318,5.9
-23.982,-70.276,6.0
-24.359,-70.715,5.8
-23.055,-70.799,5.6
28.657,129.38,5.5
-23.347,-70.609,6.2
-10.422,-78.264,5.7
-23.23,-70.677,6.0
-23.119,-70.405,5.8
-23.432,-70.571,5.8
-23.062,-70.588,6.4
-28.281,-69.239,5.8
-22.954,-70.403,5.7
52.839,152.88,5.6
-16.255,177.893,5.7
-22.563,-10.778,5.6
44.376,147.271,5.5
-59.378,-151.161,5.7
4.041,143.77,6.2
-23.208,169.147,5.5
-23.097,-70.151,5.5
-23.199,170.813,5.5
-2.827,138.474,5.5
-3.484,149.13,5.5
-4.836,151.515,6.7
-23.631,179.054,5.7
-29.316,-112.764,5.5
-29.262,-112.634,5.6
-5.799,154.178,7.7
-14.802,167.148,5.9
-5.146,153.447,5.9
-31.95,179.362,5.7
-5.032,153.935,5.8
-5.533,153.831,5.6
-5.429,153.773,6.6
28.46,128.067,5.7
-5.498,153.592,5.6
-5.771,154.347,7.2
50.277,175.998,5.5
-5.934,154.213,6.4
41.559,88.8,6.0
-6.007,154.3,5.6
-21.848,170.436,6.1
-5.168,153.447,6.4
-6.267,154.517,5.7
-6.079,154.394,5.8
36.443,71.129,5.6
-55.934,-28.832,6.2
-55.656,-28.659,5.6
-4.96,153.755,5.9
5.139,-75.577,6.6
-5.605,153.012,5.5
-6.148,153.969,5.6
-29.155,-177.37,5.5
18.856,145.218,7.1
-56.883,-141.654,6.3
18.902,145.047,6.2
18.847,145.123,5.8
18.823,145.042,6.1
18.849,145.089,6.2
-20.333,-177.85,5.5
-18.686,-175.409,6.0
-5.643,153.541,6.0
8.455,126.935,5.7
-8.28,121.548,5.7
26.092,-110.284,6.6
-47.937,99.467,6.4
-21.159,-174.354,6.1
-19.36,-173.464,5.8
-15.838,166.426,6.4
-21.207,-174.287,5.6
0.042,123.235,5.9
-16.422,-172.891,5.6
14.943,-94.253,6.0
-56.202,-122.267,5.9
-56.222,-122.419,6.3
-9.126,67.322,5.6
-20.135,-69.323,5.9
0.986,-101.452,5.6
-21.721,-179.347,5.6
-17.623,-178.966,5.9
16.779,-98.597,7.4
-6.323,155.207,6.1
-4.044,-104.034,5.6
-35.561,-74.167,5.6
-17.093,66.707,6.0
-6.925,128.968,6.0
-8.887,123.787,5.7
-20.642,-178.544,5.6
-21.194,-68.672,5.6
-39.698,174.168,5.8
35.76,-117.64,5.5
35.761,-117.638,5.75
-6.053,146.543,6.2
13.447,-90.565,5.5
-10.072,160.804,5.6
-5.968,146.635,6.0
-5.561,104.062,6.0
-24.328,-128.003,5.6
-10.68,-78.581,6.5
-19.542,-173.757,5.7
-4.703,130.493,5.7
1.12,19.424,5.5
41.819,143.334,5.9
-13.098,166.997,5.8
-20.884,-174.147,5.5
50.829,157.341,6.0
51.892,142.983,5.5
38.063,30.134,6.4
29.311,139.04,6.1
-58.767,-25.128,5.6
-15.221,-174.934,6.1
-2.75,-77.881,7.0
-2.614,-77.777,5.6
-2.778,-77.851,6.5
-30.715,-71.937,5.7
-19.381,-173.416,5.5
1.909,127.417,5.6
52.711,172.412,5.9
18.881,-104.37,5.8
65.17,-148.57,6.0
65.17,-148.565,5.8
-20.002,-175.921,6.4
34.072,139.08,5.9
-2.045,101.436,6.8
-2.775,-77.823,5.8
41.048,72.153,5.7
-7.472,156.275,5.7
-56.057,-144.213,5.6
-21.474,170.176,6.3
19.055,-104.205,8.0
18.81,-104.017,6.0
-23.01,-70.466,5.6
-35.288,-106.266,6.0
-59.014,158.28,6.1
9.845,140.258,5.6
-25.758,-177.522,6.2
-6.435,154.556,6.1
-6.514,154.631,6.1
-23.258,-70.471,5.7
36.43,70.387,6.3
27.929,130.175,7.1
19.243,-104.989,5.5
28.203,130.211,6.1
28.164,130.156,6.3
28.094,130.148,6.8
27.944,129.954,5.6
27.802,129.986,5.7
18.708,145.544,6.1
16.84,-93.469,7.2
-5.037,153.318,5.5
-6.404,98.668,5.7
-14.281,167.294,5.9
26.003,102.227,6.2
-7.081,123.667,5.6
-16.815,173.965,5.5
-17.217,173.849,5.7
-6.227,154.966,5.8
39.589,51.875,5.5
0.824,125.975,5.8
0.858,125.886,6.0
-21.793,-179.387,6.1
16.46,-98.376,5.6
51.667,-173.481,5.8
-28.939,-71.39,5.8
-28.906,-71.417,6.7
28.179,130.052,5.7
-9.789,159.701,5.8
-6.727,130.29,5.6
-4.92,103.22,6.3
-55.284,-29.24,5.7
52.231,-170.801,5.5
-24.527,-176.4,5.8
1.833,95.05,6.9
1.29,121.678,6.0
-3.755,151.406,5.7
3.588,126.647,6.3
-15.114,-173.473,6.0
-14.993,-173.502,5.5
56.1,114.495,5.8
-6.143,150.759,5.5
18.792,145.247,5.5
-4.871,153.348,5.5
3.512,126.877,5.7
-45.1,-79.924,5.8
-24.742,-175.946,5.6
-28.244,-176.659,5.5
-33.234,-71.947,5.7
28.826,34.799,7.2
3.09,95.915,5.8
40.287,143.274,5.5
29.333,34.749,5.7
-42.984,171.793,6.2
44.537,149.103,6.6
-49.628,117.327,5.5
9.708,126.187,5.6
-13.765,166.496,5.8
-41.982,79.924,5.5
44.568,149.143,6.3
-16.959,-176.275,5.8
-27.75,-70.933,5.8
44.277,145.619,6.0
-5.97,-81.702,5.6
44.473,149.342,6.3
10.16,-104.0,6.6
44.505,149.237,6.6
44.498,149.375,5.5
44.494,149.439,5.6
44.663,149.3,7.9
44.921,148.989,5.5
44.452,149.314,5.8
44.761,150.208,5.7
44.956,150.674,6.4
44.735,150.061,5.6
44.541,150.015,5.9
44.669,150.301,5.6
44.618,150.485,5.5
44.546,149.49,5.6
44.305,149.851,5.7
44.69,150.309,5.9
44.457,149.722,5.7
44.791,149.64,5.5
44.727,150.033,6.5
-15.511,167.509,5.6
-9.027,124.67,6.4
1.599,127.331,5.8
39.44,40.153,5.8
44.356,149.334,5.5
44.31,149.317,5.9
-20.034,168.806,5.9
34.795,24.103,5.6
44.907,149.527,6.0
72.644,3.488,5.5
44.73,150.328,5.5
44.351,149.742,6.4
44.231,149.801,6.2
-21.513,-178.077,6.2
18.926,-105.471,6.4
-6.224,26.714,5.7
18.718,-105.534,5.8
18.583,-105.517,6.1
-6.98,-12.657,5.6
-34.762,-179.388,5.5
18.722,-107.054,5.8
29.235,129.392,5.5
52.665,-32.113,5.5
34.511,97.351,5.7
-19.284,-175.807,5.5
-3.703,140.233,6.5
18.588,121.103,5.5
-28.148,-176.794,6.1
36.447,70.215,5.6
-28.08,-176.828,5.8
-6.903,129.151,7.1
-21.649,-174.531,5.9
-5.247,151.474,5.8
-57.283,-25.51,5.7
9.944,-70.106,5.7
63.212,-150.605,5.7
-4.387,-104.646,6.1
40.752,143.339,6.3
40.745,143.232,5.7
40.831,143.19,5.7
53.827,160.45,5.8
-20.391,-174.234,6.0
0.729,119.931,7.9
0.523,119.838,5.6
53.826,159.586,6.6
0.692,119.912,5.5
0.633,119.896,5.5
-55.574,-27.072,5.5
45.354,151.018,5.5
-24.197,-178.844,5.7
-6.921,155.843,5.6
53.304,142.738,5.6
45.381,150.191,5.5
-6.129,133.564,5.9
-8.428,158.693,5.9
0.46,119.58,5.6
-23.261,170.797,5.9
-5.815,130.215,5.9
-26.929,-177.493,5.7
-18.882,-177.32,5.7
-4.399,140.068,6.1
-22.452,171.219,5.6
-58.277,157.885,5.5
-10.359,-78.748,5.6
-2.979,141.65,5.6
-60.614,-25.901,6.2
18.511,-102.129,5.5
9.187,126.416,6.0
-57.009,147.775,5.7
-32.953,-178.253,6.1
-32.921,-178.298,6.4
44.531,149.372,5.6
44.468,149.37,6.0
-18.08,-178.349,5.5
44.853,146.273,6.2
11.463,141.587,5.8
27.291,100.276,6.6
27.041,100.299,5.6
-32.465,-179.504,5.9
-32.565,-179.692,5.5
-6.216,154.853,5.6
27.191,100.284,5.5
0.986,120.115,5.7
1.019,120.187,6.1
55.265,-156.479,5.6
3.722,122.431,5.7
45.324,149.892,7.2
44.12,149.479,6.0
-6.0,146.629,6.1
-11.044,118.67,6.1
45.46,150.374,5.8
29.246,140.446,5.7
51.246,-179.411,5.6
-1.496,-15.279,6.6
-15.282,-173.218,6.0
37.353,142.38,6.7
-0.891,136.952,8.2
-0.74,136.569,5.5
-0.939,137.188,5.5
-0.837,136.588,6.0
-1.21,136.766,5.8
-6.945,125.194,5.8
-6.191,154.755,5.5
-0.567,135.84,6.5
-0.897,136.088,5.7
-0.917,136.225,6.5
-0.573,135.756,5.9
-1.336,136.464,6.4
13.906,120.754,5.6
-0.477,135.541,5.5
-3.362,139.743,5.5
-1.266,-14.273,6.6
-1.199,-14.232,5.7
-42.132,-75.283,6.0
-22.12,-179.466,5.5
-20.341,169.217,5.8
-9.593,-79.587,7.5
-33.672,-71.671,6.0
45.263,148.542,6.3
-0.869,137.346,6.2
15.978,-98.07,7.1
-22.249,-175.894,5.7
16.122,-97.93,6.2
12.964,-91.063,5.9
15.933,-97.807,5.5
28.285,57.059,5.5
-14.072,167.468,5.8
1.756,126.048,6.4
-51.858,40.337,5.7
4.2,-84.12,5.5
-5.973,146.565,6.1
-0.729,136.563,5.7
11.657,-86.856,6.6
11.74,-86.896,5.5
11.905,-86.772,6.7
2.798,125.167,5.9
-17.383,-172.654,5.5
24.092,122.215,6.3
24.033,122.241,5.9
-18.656,-174.864,5.8
35.433,138.987,5.6
-23.267,-70.285,5.5
-2.099,124.622,5.5
-1.196,136.863,5.5
-4.946,152.682,5.6
43.425,148.009,6.1
43.722,147.829,5.7
37.034,-24.374,5.7
-12.969,-69.425,5.7
48.442,88.143,5.6
2.905,126.542,5.9
-35.313,-17.261,5.6
28.983,138.944,6.7
-14.705,167.297,6.7
-6.269,147.904,6.1
-6.17,147.807,5.8
39.993,76.696,6.3
25.006,-109.329,5.8
15.85,-97.306,5.9
-14.662,167.912,5.6
51.221,178.695,6.8
51.269,178.889,5.8
-35.241,-179.212,5.8
-26.399,-13.69,5.5
-21.769,-174.811,5.5
-62.722,164.876,5.8
-55.42,146.006,6.1
16.413,-98.079,5.6
11.777,-87.935,6.0
11.919,57.805,6.1
43.331,147.009,5.6
52.307,-168.778,5.8
52.29,-168.762,5.5
-1.036,-78.737,6.0
24.141,122.195,5.8
10.429,126.186,5.5
-33.63,-14.454,5.5
-55.852,-125.666,6.1
52.214,-168.639,5.7
52.214,-168.734,6.3
44.481,149.434,5.5
44.339,149.448,5.5
-11.178,165.644,6.0
14.564,-93.471,5.5
14.551,-93.53,5.8
-11.218,165.671,5.7
3.065,126.286,5.9
1.112,120.407,5.5
12.177,143.844,5.6
3.098,126.218,5.6
44.17,149.184,5.7
-6.252,154.858,5.8
-10.696,161.83,5.5
-17.161,-174.136,5.7
-10.803,161.543,5.9
6.973,94.513,5.8
-6.306,154.861,5.9
-6.188,154.832,5.5
-24.061,-177.036,7.2
-33.373,57.331,5.5
-16.107,87.279,5.5
12.816,124.982,5.8
-23.944,-70.093,6.6
-22.293,-179.692,5.7
51.437,-178.42,5.5
-10.742,164.061,5.5
29.797,129.051,5.6
17.28,-101.363,5.6
51.485,-178.36,5.5
-8.128,-74.362,5.6
-22.073,179.056,5.5
36.366,28.042,5.5
52.816,-168.364,5.5
2.368,-79.341,6.2
-6.518,154.999,7.2
-6.716,154.78,5.7
-6.659,154.848,6.1
-6.741,154.895,6.1
-6.796,154.934,5.6
-6.44,154.577,6.0
16.13,120.6,5.5
-6.68,154.816,5.5
-4.548,154.833,6.6
-7.31,155.282,5.6
40.774,109.661,6.0
13.846,146.308,5.7
13.862,146.256,5.6
-41.213,-86.296,5.5
-24.628,178.755,5.5
1.621,126.558,6.0
-3.418,142.967,5.5
43.708,147.607,6.2
-32.611,-179.384,5.8
-14.009,-74.467,5.5
80.578,-2.271,5.7
-3.313,135.856,5.8
-6.605,155.038,6.3
-7.146,154.859,5.6
-17.955,-178.546,5.7
-0.668,135.814,5.7
1.37,122.564,5.7
5.9,-77.584,5.7
-22.191,171.475,6.2
-56.72,-26.311,6.0
-5.504,147.998,5.5
-13.338,-112.055,5.5
30.458,-41.973,5.6
10.797,-42.254,7.0
27.424,128.484,5.8
-9.309,157.17,6.0
-9.27,157.198,6.1
-9.32,157.239,6.0
46.787,153.722,5.6
-50.005,-114.775,5.9
18.467,146.873,5.9
-4.537,101.934,5.5
-21.509,169.175,5.6
-41.329,80.666,6.3
41.657,88.69,5.9
51.491,-178.128,6.5
17.444,145.458,6.5
24.968,123.299,5.6
-13.481,167.13,6.7
51.564,-177.632,7.9
51.213,-176.484,5.6
51.478,-176.847,7.3
51.178,-176.759,5.5
51.577,-177.041,5.6
51.276,-176.256,5.9
51.273,-176.182,5.8
51.262,-176.46,5.6
17.25,-68.281,5.5
12.614,125.154,7.1
12.677,125.2,5.5
51.42,-178.214,5.8
51.372,-178.228,5.5
51.252,-176.1,5.6
-20.416,-178.31,5.5
-58.727,149.068,5.5
12.811,125.055,6.1
-7.137,122.589,7.9
-16.073,178.118,6.0
43.366,147.783,5.6
51.568,159.119,6.7
-53.774,8.8,6.4
51.398,159.239,6.2
75.82,134.619,5.7
51.573,159.544,5.5
51.586,159.509,5.9
27.727,139.747,6.3
27.668,139.526,5.5
-21.712,-175.213,5.6
-21.883,-175.18,5.6
-2.767,139.126,5.9
-2.801,139.268,5.8
51.726,159.812,6.1
-55.177,-127.084,5.5
12.479,125.541,5.5
30.147,88.189,5.7
-23.376,-70.405,5.9
8.489,141.564,5.9
-10.112,160.898,5.6
2.973,128.354,5.6
15.514,147.657,5.6
21.968,142.83,6.2
58.62,157.752,5.7
52.168,-171.146,5.9
18.726,145.628,6.3
17.6,-100.965,6.8
56.084,164.998,6.5
1.016,120.254,6.6
51.494,159.442,5.8
36.147,27.103,6.2
-19.82,-177.643,5.9
13.856,120.671,5.9
13.076,-88.723,5.6
1.0,120.45,7.0
1.036,120.459,5.6
-26.753,-177.199,6.5
-26.769,-177.25,6.2
-26.647,-177.162,5.9
41.9086667,-126.2343333,5.7
-50.149,-113.538,6.1
-28.655,-177.465,5.9
1.006,120.196,6.0
24.602,122.282,5.5
14.509,119.954,6.1
-3.82,151.305,5.5
30.174,88.178,5.5
-27.6,65.547,5.6
-0.018,122.939,5.6
-10.769,161.445,6.9
-26.923,-177.171,5.9
-15.267,-173.126,6.7
-1.996,-81.001,6.3
-20.69,-178.31,7.4
-21.356,-175.461,5.6
53.061,-167.094,5.5
11.977,125.677,5.8
-2.017,99.675,5.8
49.256,155.63,5.5
-3.828,151.157,5.7
24.041,122.598,5.7
-4.938,152.131,6.2
38.909,140.53,6.0
38.936,140.556,5.5
-1.956,99.622,5.7
38.88,140.628,5.7
-13.396,166.692,6.1
-0.266,125.094,6.0
-0.239,125.017,5.7
-21.601,170.351,5.7
4.97,127.397,5.7
-15.702,-13.2,5.6
40.754,35.34,5.8
40.801,35.37,5.7
-13.302,166.838,6.2
-58.635,-25.026,5.5
-14.707,-176.286,5.6
0.696,-30.021,5.8
51.451,-178.367,6.0
-41.523,80.416,6.1
5.369,-82.637,5.9
-9.471,155.315,5.5
-7.124,123.275,6.0
-9.517,155.355,5.5
-4.088,-104.37,5.9
-3.92,-104.143,5.8
-1.084,-78.674,5.5
13.514,-91.281,5.7
-22.57,-179.792,5.9
-36.883,78.486,6.0
-6.933,-12.724,5.6
-10.644,161.345,5.5
-59.994,149.942,5.9
9.379,-84.313,5.9
1.073,-29.087,5.5
52.318,151.485,5.5
-14.93,167.331,5.6
51.493,-178.218,5.5
-11.811,166.618,5.9
12.32,143.809,5.9
-7.172,155.669,5.5
36.984,2.876,5.5
31.555,139.931,5.7
9.365,-84.266,6.2
-22.118,-113.436,6.9
-22.054,-113.099,5.6
-22.056,-113.083,6.2
0.36,120.453,5.7
42.803,17.936,6.0
21.898,121.498,6.8
-7.271,155.824,5.9
-7.31,155.887,6.2
40.395,-126.408,5.5
-7.361,155.828,5.6
-7.178,155.676,5.8
-32.653,-178.53,5.5
-15.573,-73.049,5.6
2.857,127.254,5.6
-19.718,-179.097,5.6
-31.9,-71.56,6.0
-35.402,-104.642,5.8
30.434,130.726,5.7
1.028,120.098,5.8
35.537,140.943,6.2
-10.555,165.922,5.5
-0.006,122.795,5.8
36.046,70.706,5.9
-10.878,165.991,6.4
-6.488,154.799,5.9
-3.42,146.351,5.9
42.866,17.82,5.5
0.908,-26.37,5.6
43.648,147.213,5.5
32.501,141.42,5.7
-19.754,168.688,5.7
9.553,126.256,5.7
11.435,-85.471,5.6
-25.36,179.786,5.5
9.597,126.293,6.4
9.463,126.284,6.6
9.454,126.334,6.6
9.446,126.544,6.1
-53.083,9.696,5.8
9.57,126.643,5.8
9.552,126.529,5.7
-6.155,146.174,5.9
-18.999,-67.531,5.7
9.36,126.593,5.6
24.941,123.478,5.6
15.191,-61.443,5.8
27.222,100.373,5.5
9.694,126.406,5.8
-9.295,108.725,5.6
11.682,-86.47,5.7
10.038,125.369,6.3
64.782,-17.566,5.6
54.047,160.005,5.5
45.533,151.828,5.5
45.537,151.811,5.5
12.434,58.066,6.4
26.475,-110.862,5.5
-12.681,-76.813,5.6
11.761,125.484,6.4
45.133,151.168,6.0
1.023,120.406,5.6
16.796,-86.072,5.6
-43.417,39.181,5.5
13.229,-44.966,5.6
49.047,-127.88,6.2
-22.113,-179.577,5.5
-45.778,96.025,6.1
52.873,152.534,5.6
49.737,-129.605,5.8
34.556,32.126,6.8
34.591,32.208,5.7
34.56,32.214,5.7
3.445,97.943,6.3
-7.25,155.471,6.1
-7.281,155.393,5.9
-7.228,155.351,5.8
-7.228,155.488,5.9
-7.133,155.568,6.8
43.705,147.106,5.5
60.113,-152.953,5.5
5.704,125.945,6.0
-7.083,155.42,5.5
30.568,131.093,6.6
0.389,126.221,5.8
33.685,137.403,5.6
-62.141,165.014,5.5
31.84,131.804,5.5
31.959,131.615,5.7
31.885,131.468,6.7
-20.412,-178.51,6.9
31.732,131.593,5.6
-19.231,-177.35,5.6
-50.256,-115.855,5.8
63.347,-145.359,5.8
9.953,126.195,5.6
44.65,149.461,5.5
66.986,-173.229,6.1
-17.378,-69.989,5.7
-24.593,-176.165,5.7
-24.587,-176.118,5.6
9.902,126.387,5.5
9.848,126.396,5.6
-1.296,149.525,5.9
-1.339,149.476,5.7
9.857,126.322,5.6
-7.558,117.301,5.8
9.825,126.399,5.7
9.732,126.414,5.8
9.718,126.42,5.6
9.822,126.248,5.9
7.306,-77.393,6.3
43.523,-127.356,5.5
-31.16,179.998,6.8
9.756,126.36,6.0
9.858,126.622,5.5
27.999,143.538,6.6
-16.082,-177.724,5.5
9.785,126.34,6.1
9.934,126.31,5.5
-22.258,-179.223,5.5
-34.551,179.383,5.6
9.939,126.185,5.5
31.612,123.291,5.6
9.959,126.321,5.6
-32.538,-179.049,6.2
19.33,95.013,6.0
-14.993,-75.675,7.7
-14.935,-75.609,5.6
-14.929,-75.556,5.5
-14.843,-75.692,6.1
-15.474,-75.414,6.0
-15.452,-75.512,5.5
-11.384,166.461,6.0
-25.86,-13.836,5.5
-14.802,-75.746,5.7
-15.321,-75.47,5.6
-21.237,-176.621,6.2
-14.781,-75.479,5.8
-14.951,-176.342,5.5
10.338,127.434,5.7
-15.101,-176.3,6.0
-15.327,-176.189,5.7
-15.375,-176.217,5.6
11.081,-86.052,6.0
-22.196,-179.704,6.1
35.345,78.133,6.9
34.35,141.132,6.1
16.348,120.527,5.9
39.604,96.675,5.8
10.297,127.435,5.8
6.659,126.463,5.9
-3.297,146.625,5.6
-3.236,146.868,5.9
-3.086,139.663,5.5
34.557,140.116,5.6
-1.222,-24.17,6.3
-18.41,-177.774,5.5
-30.522,-179.675,6.2
-13.983,170.307,5.5
31.789,131.314,6.7
-18.351,-172.275,6.2
37.485,139.48,5.7
-15.598,167.34,5.5
14.542,-92.202,5.8
-0.274,125.201,5.5
-16.787,-177.555,5.7
56.74,-151.777,5.5
-7.936,107.489,6.1
29.85,-42.855,6.0
0.87,-30.039,6.7
12.511,-88.926,5.6
-0.071,125.144,5.9
-4.736,103.195,5.5
-16.406,-171.609,5.6
-6.23,104.104,5.5
10.123,126.157,5.6
12.727,-88.789,5.7
3.781,-32.002,5.5
-0.236,-80.727,5.5
-11.085,165.317,5.5
12.473,-88.923,5.6
-25.12,-70.683,5.5
13.05,-89.955,5.5
36.025,139.767,5.5
43.207,138.92,6.5
-22.682,-175.32,5.8
34.294,38.712,5.5
-60.451,-19.943,5.8
-5.36,151.357,5.8
-2.236,138.938,6.3
-16.071,178.144,5.5
-2.184,138.956,5.5
-6.884,131.066,5.8
-3.993,128.105,6.0
-6.9,155.304,5.7
15.83,-92.971,6.4
-0.127,123.823,5.8
-19.224,-174.838,6.0
29.845,80.532,5.6
34.456,-37.284,5.5
41.026,74.284,5.8
31.631,131.542,5.5
18.219,-102.756,7.2
34.305,32.326,5.7
16.914,147.073,5.6
18.098,-102.675,5.5
-8.899,123.542,6.2
28.814,129.953,6.3
-47.416,-13.451,5.8
-5.028,108.403,5.5
19.981,121.419,5.9
51.51,-178.224,5.7
39.474,76.998,5.9
16.413,-98.035,5.5
40.2736667,-124.3791667,5.6
36.25,35.951,5.7
-21.999,-65.719,7.1
-5.614,153.836,5.6
-12.904,166.376,6.2
-19.837,-173.819,5.6
37.564,57.295,5.5
37.661,57.291,6.5
-19.859,-173.289,6.4
-8.473,158.957,5.7
35.687,95.819,5.5
-14.486,-76.276,6.1
55.235,161.941,5.9
-9.641,119.51,5.9
52.063,171.338,5.5
-7.782,117.413,5.6
4.564,-76.494,5.8
37.403,141.065,5.5
41.859,142.742,6.0
43.829,149.167,6.1
-21.973,-179.589,5.6
10.816,-43.612,5.6
-11.569,165.753,5.5
-21.186,169.615,5.7
-47.497,100.282,6.1
-22.481,-174.872,5.5
29.976,68.208,7.1
29.985,67.977,6.0
43.921,147.876,5.9
38.075,48.05,6.1
39.422,76.839,5.6
-6.481,156.405,5.6
34.892,139.038,5.6
-7.249,129.143,5.6
29.422,68.79,5.7
-13.377,166.452,5.5
-22.378,-175.895,5.9
-29.815,-71.147,6.2
11.696,43.55,5.5
-29.681,-71.144,5.6
-21.134,-178.863,5.7
-31.078,-177.732,6.1
8.134,126.345,5.7
7.742,127.647,6.9
-36.468,-97.671,5.6
-59.849,149.902,5.9
-1.447,145.445,5.8
34.851,137.445,5.6
19.01,-62.839,5.5
-6.614,105.514,6.4
-16.61,-173.898,5.8
30.136,68.022,5.9
-31.163,179.624,6.3
-7.621,157.786,5.8
-0.972,137.073,5.7
-19.169,168.736,5.5
30.984,-41.542,5.9
0.825,125.884,5.7
-33.48,-70.548,5.5
-4.52,-105.265,5.7
-9.063,-71.295,6.1
51.277,179.533,6.7
31.92,130.429,6.1
2.803,128.237,5.8
51.232,179.338,5.6
-16.249,-173.341,5.7
51.369,-178.09,5.5
-23.307,170.867,5.5
7.774,-82.401,6.1
-18.298,-69.526,6.2
-18.351,-69.347,6.2
11.412,-60.942,6.1
51.816,-173.718,5.7
31.824,130.089,5.5
-6.485,147.408,6.5
28.726,128.544,5.5
39.513,76.865,5.9
39.537,76.998,6.0
11.425,-86.61,5.6
0.344,125.299,5.8
-4.693,-105.045,5.7
52.06,-171.408,5.5
18.629,-106.41,5.6
11.049,-60.785,5.5
18.315,120.953,5.8
26.093,128.517,5.5
39.527,76.941,6.2
26.124,128.5,5.5
-28.171,-178.369,6.0
-10.671,164.212,5.6
-18.371,-71.255,5.5
16.453,-86.842,5.5
39.634,76.992,5.8
-41.069,-91.406,5.5
-63.884,-158.801,5.6
28.042,56.894,5.6
-58.504,-143.739,5.5
78.445,125.821,5.5
-34.04,-69.984,5.6
-0.149,124.073,5.5
-12.584,166.676,7.7
-12.881,166.464,6.1
-13.5,166.541,6.2
-13.406,166.344,6.0
-13.602,166.832,5.7
-13.673,166.455,5.5
-13.541,166.426,5.5
-7.382,125.715,5.9
-13.158,166.522,5.5
-3.37,102.144,5.9
11.112,-60.892,6.7
11.029,-60.957,5.6
-13.221,166.45,5.8
-14.133,166.784,5.7
-13.599,166.39,6.0
13.986,144.901,6.5
46.003,153.066,5.6
46.154,153.108,5.9
-48.342,-10.04,5.8
-53.404,139.709,5.6
-19.171,168.728,6.1
-13.279,166.465,5.5
-42.504,42.686,6.8
-6.991,153.877,5.5
18.993,-107.35,6.9
-27.205,-176.508,5.5
-31.791,-179.382,6.9
11.027,-60.975,5.5
14.906,119.889,5.5
24.894,92.25,6.0
-19.429,-175.833,5.6
51.717,-170.799,6.0
12.267,-87.204,5.6
-44.75,117.769,5.5
13.199,144.704,6.0
33.825,59.809,7.3
-3.15,101.547,5.6
-36.383,-97.703,6.5
37.091,140.914,5.9
18.734,-107.129,5.6
10.184,121.657,5.9
18.722,-107.176,5.6
31.824,130.281,6.1
36.411,70.945,6.5
14.46,-89.775,5.5
-16.96,-173.52,5.5
-21.628,169.878,6.0
-21.647,169.89,5.7
55.584,162.543,5.5
-27.162,-69.499,5.5
-30.427,-177.414,5.6
6.498,-82.371,5.8
-59.713,150.485,5.9
-15.292,-173.559,5.6
-20.438,169.287,6.8
-18.902,175.947,6.0
23.083,80.041,5.8
18.684,-101.604,6.5
18.915,121.336,6.1
34.368,137.484,5.8
-22.889,-70.546,5.5
-32.115,179.791,7.1
-54.925,-136.17,6.1
-15.212,-173.328,6.4
-15.395,-173.063,5.6
16.325,145.442,5.6
-35.964,-102.511,6.5
-54.096,6.049,5.6
26.981,129.536,5.6
-3.387,148.282,5.6
-53.547,140.118,5.5
-57.776,-25.466,6.1
-56.614,147.834,5.7
-57.584,157.674,5.6
-21.331,171.542,6.0
-35.815,-108.135,6.5
-23.97,-177.509,5.8
-17.814,-178.836,5.5
2.882,97.329,5.6
-5.951,147.026,6.1
-7.146,155.674,5.5
51.347,-179.332,6.4
-27.744,-64.753,5.6
32.334,59.957,5.6
-20.703,174.178,5.9
-1.924,127.899,6.4
-16.018,-173.047,5.8
34.395,131.603,5.9
33.938,59.475,5.9
4.868,-82.611,5.8
-49.692,-114.57,6.3
38.334,-26.684,5.9
19.36,-155.07,5.6
19.358,-155.068,5.7
-4.161,-80.926,5.8
-58.055,-11.18,5.5
-30.058,-71.872,6.8
16.157,-87.917,6.1
-30.164,-71.863,5.8
-6.057,147.447,5.8
1.071,97.599,5.5
1.07,97.595,5.9
23.799,142.696,5.8
51.372,-178.582,5.9
10.598,-63.486,7.0
-22.733,-70.894,5.9
-5.697,110.796,6.0
43.249,146.381,6.1
24.711,122.448,5.6
-29.281,-71.684,5.9
16.333,-98.216,6.9
-22.959,169.862,5.7
52.562,-167.484,6.1
-22.982,-66.301,6.1
-29.974,-71.781,5.5
-30.328,-71.917,6.0
-6.226,154.682,5.5
-30.578,-72.021,5.7
-30.462,-71.906,6.2
-30.554,-72.016,6.1
-30.494,-71.95,5.5
-30.517,-71.862,6.3
35.582,21.064,5.8
22.357,142.733,5.9
1.535,-90.967,5.5
-6.637,130.917,6.0
-42.79,-16.117,5.6
-15.16,-175.273,6.1
-15.212,-175.434,6.0
28.397,-43.766,5.5
-7.035,155.314,5.5
-30.674,-71.89,5.6
-23.507,179.104,5.6
-15.477,-179.14,6.6
-16.013,124.329,6.3
25.03,125.77,6.2
-10.728,164.69,5.5
-0.719,121.847,5.5
-4.373,-105.698,6.3
-5.899,-81.03,5.7
-13.592,167.391,6.0
-29.931,-72.006,5.7
-16.678,-173.177,5.5
4.358,96.494,6.0
-41.715,80.134,6.5
13.549,-89.589,5.6
30.077,68.004,5.6
-20.804,-177.781,5.6
-1.972,99.909,5.5
-58.294,-25.332,5.6
-25.511,178.331,5.7
-6.015,148.568,5.9
-17.398,167.908,5.5
-15.235,-175.576,6.5
-3.562,144.362,6.6
5.436,126.431,5.5
14.696,144.826,5.8
-1.59,-15.572,5.6
0.027,-16.806,5.5
3.849,-75.749,6.8
-55.19,-128.989,6.1
-26.569,178.336,6.8
-3.482,151.39,5.7
44.622,150.008,5.5
-6.017,154.458,5.8
-21.349,-174.386,6.1
-52.905,19.715,5.6
-59.053,-16.665,5.5
-36.23,-101.031,5.6
-63.122,-164.321,5.9
8.098,126.642,6.2
2.109,126.597,6.0
19.274,121.225,5.6
51.191,-179.499,5.6
-60.722,-24.479,5.7
-28.683,-177.624,7.0
-28.895,-177.654,5.6
-16.376,-177.579,5.6
-11.152,163.084,5.6
-7.36,30.37,5.9
14.438,-93.075,5.6
-65.526,178.813,5.8
-13.761,66.248,6.0
-12.496,166.468,5.6
-27.092,-176.779,5.5
43.048,12.879,5.7
43.084,12.812,6.0
0.124,-16.923,5.5
-5.385,128.994,6.0
-3.776,119.727,5.9
-22.407,-68.449,5.6
20.197,145.807,5.6
31.959,141.878,6.2
46.215,136.09,5.5
-6.293,148.49,5.6
41.0528333,-125.3433333,5.5
15.922,-46.646,5.5
16.014,-46.749,5.7
-35.286,-106.708,5.7
45.507,151.066,5.5
-59.739,-29.198,6.3
5.679,125.453,5.8
9.79,125.779,6.5
-9.321,158.819,5.6
-9.302,158.691,6.1
43.045,12.835,5.5
-31.845,-178.318,5.9
-52.117,15.166,5.5
-29.25,178.355,5.7
41.911,144.815,5.9
41.917,144.749,5.5
41.98,138.861,5.5
-9.321,158.732,6.0
25.028,122.451,5.5
36.379,22.071,6.4
-22.101,-176.772,7.8
42.962,12.892,5.5
-30.933,-71.22,7.1
-16.119,-73.587,5.7
51.43,-177.877,6.4
-30.809,-71.251,5.5
-57.538,147.97,6.2
-20.888,-178.839,6.0
-0.895,124.066,5.5
-21.795,-175.014,5.8
-17.164,-174.212,5.5
44.719,146.211,5.6
-8.666,117.017,5.7
46.453,-27.505,5.5
7.145,127.439,5.6
-54.121,-132.967,5.8
-55.369,-129.475,5.7
39.296,140.461,5.6
-30.759,-178.451,5.9
-4.368,-76.681,7.2
-6.38,104.013,5.6
-13.115,166.92,5.9
-16.61,-172.949,5.6
29.078,85.383,5.5
-20.397,-178.743,5.6
-13.189,174.885,5.5
-30.744,-71.224,6.2
-6.736,129.021,6.1
-30.772,-71.335,5.6
-19.963,-175.356,5.9
-21.029,-179.204,5.6
-43.756,-78.18,5.6
-2.13,73.837,5.6
38.438,22.284,5.6
27.864,142.608,5.9
11.693,-85.79,5.6
35.069,87.325,7.5
13.849,-88.808,6.5
0.05,-16.893,5.6
12.361,145.577,5.5
31.187,140.486,6.2
-13.192,174.864,5.5
-35.598,-105.038,5.6
-6.342,154.819,5.5
0.808,-27.026,5.6
38.859,25.795,6.0
43.813,145.019,6.1
-16.169,-176.064,5.6
-15.145,167.375,7.0
-20.654,-174.49,5.6
-20.83,-174.32,5.5
37.57,20.656,6.6
-29.059,-177.654,5.8
-14.498,-175.881,5.7
-3.57,149.565,5.5
-59.057,-25.511,5.5
22.212,92.702,6.1
19.379,-108.452,5.5
-21.688,170.337,5.6
39.959,138.829,5.6
-13.187,174.779,5.7
1.241,122.536,7.0
46.532,153.382,5.5
47.143,145.602,5.5
-13.74,-68.788,6.7
-21.03,-178.758,5.7
2.207,126.646,5.8
11.224,-86.369,5.7
6.756,123.561,5.5
-22.172,-175.13,5.5
13.639,-90.658,6.0
13.638,-90.618,5.5
55.221,162.619,5.5
55.281,162.444,5.5
54.841,162.035,7.8
53.909,161.55,5.7
54.512,162.318,5.6
0.656,125.114,5.5
53.752,161.746,6.4
53.792,161.596,5.5
53.734,161.57,5.8
54.829,162.772,5.5
54.689,161.46,5.6
53.963,161.931,5.7
53.972,161.909,6.1
54.924,162.104,5.9
54.658,162.882,6.2
53.693,161.909,5.6
-14.4,167.293,5.7
53.853,161.778,5.6
-20.236,-68.365,5.7
3.929,-75.787,6.4
2.294,127.061,5.6
71.254,-8.329,5.6
-41.397,-87.444,5.7
-59.574,-26.186,5.7
-3.081,136.106,5.6
-15.571,-173.173,5.6
-6.042,149.867,5.9
-62.88,163.188,5.9
29.985,-42.628,5.5
16.107,-98.852,6.0
-35.5,-105.92,5.7
-5.873,147.167,5.8
51.187,178.871,6.6
36.387,70.773,6.3
51.212,178.99,5.5
-1.954,99.618,5.7
13.84,-88.739,6.1
14.707,144.654,5.8
-5.996,147.167,5.5
53.424,152.762,5.9
-5.495,147.867,7.2
13.742,-90.316,6.1
14.901,119.921,5.6
54.789,-160.83,5.5
-20.342,-113.382,5.5
14.149,-92.28,5.8
-22.338,-179.69,5.9
51.31,178.802,5.6
-55.783,-4.218,6.2
-52.145,28.096,5.7
25.384,96.609,5.8
23.913,141.907,6.3
-6.338,154.87,5.9
-35.474,-16.191,6.3
54.224,-164.177,5.8
-22.301,170.911,7.5
-14.525,166.771,5.6
41.083,114.5,5.7
-12.029,-72.074,6.4
14.374,-91.473,6.6
37.264,20.793,5.5
-34.528,-112.045,5.7
-24.954,-70.008,5.6
-30.985,-71.41,6.6
-15.848,-179.376,6.7
-55.517,-28.199,5.5
-4.099,129.115,5.9
-16.03,-179.327,5.5
-39.612,46.364,5.8
-15.731,-179.329,6.6
-2.11,68.094,6.0
-15.764,-179.303,5.9
-5.87,146.392,5.9
45.855,152.326,5.7
-39.836,45.884,5.7
-0.653,-20.109,5.7
-5.231,146.308,5.5
-44.971,-79.488,6.2
-35.132,-110.862,5.8
43.768,146.94,5.7
-58.876,149.137,5.7
-27.602,-178.095,5.6
52.379,-168.643,5.9
-15.323,-176.302,5.6
-54.778,-119.306,5.5
-36.068,-100.968,5.5
-22.039,-176.838,5.7
-47.514,165.185,5.9
-20.768,-179.178,6.0
55.075,164.681,5.5
-22.542,179.048,6.3
-22.411,179.035,6.5
21.687,145.471,5.5
-23.913,-70.207,7.1
41.464,142.022,5.8
-35.763,-97.058,6.0
15.883,-96.298,6.4
37.075,70.089,5.9
-22.668,-70.132,5.5
-0.502,132.962,5.5
24.787,141.752,5.9
24.821,141.746,6.4
-14.796,167.323,5.9
-55.158,-126.856,5.5
51.55,149.639,5.5
10.331,124.99,5.5
-17.126,-178.699,5.6
-16.893,-178.973,5.5
36.358,71.105,5.5
52.693,-33.747,5.5
52.718,-33.677,6.8
49.304,155.57,5.5
-10.973,-74.439,5.9
-4.476,129.082,6.5
-4.514,129.248,5.6
36.479,71.086,6.4
-11.55,166.214,5.6
-56.901,147.497,5.6
51.715,176.83,5.5
53.936,-35.223,5.6
-14.424,167.355,5.8
33.458,138.124,5.7
-7.845,158.44,5.6
-7.62,158.16,5.5
14.38,-91.466,6.1
-11.295,165.86,5.5
1.637,93.126,5.5
20.585,122.142,5.8
6.293,126.335,5.7
-17.272,-177.033,5.7
14.368,-92.901,5.5
-42.005,88.345,5.5
30.154,57.605,6.6
-19.333,-176.317,5.8
11.564,141.832,5.5
39.977,76.731,5.6
-50.008,163.107,6.7
-54.639,-135.362,5.5
79.888,1.856,6.2
36.433,70.133,5.9
-11.43,66.245,6.1
36.317,141.075,5.5
-62.877,149.527,8.1
-63.612,147.937,6.4
-63.561,147.862,5.8
-24.336,-66.99,5.6
-3.242,140.606,5.8
-58.733,-25.38,5.7
-22.923,172.303,5.6
-0.239,-17.932,6.1
-17.552,-179.092,7.2
-17.655,-179.029,5.6
-15.964,167.94,5.6
-62.631,147.086,5.7
-0.544,99.261,7.0
35.377,-35.787,5.8
-40.316,-74.874,6.7
-33.297,-178.441,5.8
-25.627,69.689,5.6
-8.148,-74.238,6.6
14.277,-91.62,5.6
36.92,140.824,5.5
-12.245,67.846,5.8
-21.209,-69.637,5.5
32.457,59.976,5.8
-1.322,-15.651,6.2
-33.546,-179.543,5.9
-23.635,-176.111,6.2
-23.726,-176.004,5.5
46.245,13.652,5.6
-23.718,-176.041,5.5
-15.525,-71.821,5.8
-23.821,-179.871,6.1
58.502,164.45,5.8
-63.47,147.673,5.5
-17.858,-173.191,5.6
18.525,-101.203,6.0
-14.905,166.981,5.7
-35.266,-17.326,6.3
-2.995,136.282,6.2
-6.082,113.097,5.7
-21.971,-179.606,5.7
36.138,21.94,5.5
30.781,141.963,5.6
1.136,-28.489,5.5
24.932,95.311,5.5
34.87,138.982,5.6
22.306,125.308,7.5
18.716,120.938,5.8
13.676,-90.747,6.3
8.52,-102.924,5.8
8.242,-102.987,5.8
-2.972,142.05,5.7
-5.156,152.582,5.7
13.866,-90.998,5.6
-5.776,153.804,5.5
-5.147,151.714,6.6
40.244,143.266,5.5
40.254,143.253,6.0
12.206,143.842,5.5
14.178,144.88,6.0
-22.227,-179.519,6.9
-21.792,-176.637,5.5
-16.935,-173.85,5.5
39.253,15.108,5.5
-43.187,41.809,5.6
0.207,119.584,6.7
-43.4,41.387,6.3
-17.731,-65.431,6.6
-17.987,-65.141,5.6
33.622,131.514,5.5
8.138,123.726,6.0
-6.513,104.906,5.6
-50.462,139.489,5.7
-5.845,149.704,6.0
52.239,159.526,6.0
52.154,159.641,5.7
31.401,27.667,5.5
37.388,78.843,5.6
-2.231,99.477,5.5
-2.191,99.633,5.5
37.106,70.11,6.6
39.027,143.441,6.2
52.889,160.067,6.4
33.942,136.087,5.8
43.679,-29.02,5.5
-23.887,-69.875,5.5
-18.799,-173.373,5.5
-31.518,-67.833,5.9
15.959,-93.776,6.3
-18.868,-173.309,5.5
-24.804,179.829,5.5
-5.724,147.889,5.8
35.372,140.52,5.7
-52.988,159.837,6.2
-6.031,130.163,5.6
-11.572,-13.894,6.3
-30.105,-177.925,6.0
28.043,129.391,5.5
12.364,144.445,5.7
10.546,-76.349,5.7
23.77,-45.102,5.5
-58.358,-13.792,5.6
-37.295,-17.391,6.0
17.733,-61.572,5.6
36.878,35.307,6.3
-60.354,153.143,6.3
-33.842,-179.193,5.5
32.582,140.001,5.5
23.714,-108.395,5.5
38.65,-28.626,6.2
38.717,48.507,6.0
-30.487,-178.994,6.9
60.53,-153.219,6.2
17.39,-101.349,5.5
-18.275,168.22,5.5
16.95,-100.29,5.5
16.954,-100.295,5.5
12.046,143.236,5.6
-11.04,166.16,7.0
-18.301,168.206,5.5
23.407,120.736,5.7
-2.961,141.926,7.0
-2.895,142.098,5.6
-2.892,142.355,5.9
-4.687,103.065,5.7
-28.307,-70.841,5.5
-18.369,168.173,6.1
-26.651,-114.336,5.5
-21.836,-175.792,6.0
30.134,88.173,5.8
21.254,122.019,6.1
-13.608,166.867,6.3
-32.312,-71.286,6.4
-2.693,138.901,6.7
-21.614,169.82,6.1
-21.644,169.919,6.0
-2.81,139.008,5.5
39.573,76.999,5.6
-27.295,-148.858,5.5
-56.676,147.434,5.8
-52.909,22.028,5.8
-0.593,-80.393,7.2
-54.674,-135.521,6.2
33.208,46.251,5.6
-21.841,169.815,5.5
-59.586,-150.715,5.9
7.324,94.305,6.0
-58.786,-24.875,5.5
-11.43,166.216,5.8
-63.607,147.488,5.5
36.268,137.644,5.5
45.852,149.116,5.6
-58.008,148.049,5.6
-6.179,147.745,5.7
28.932,139.329,7.1
51.618,175.248,6.3
-3.062,142.036,5.6
18.655,146.428,5.5
14.697,120.046,6.1
11.663,-88.038,6.7
30.079,88.109,5.9
39.66,77.343,6.4
-0.154,125.018,6.1
-55.737,-27.045,6.0
17.092,148.133,6.3
-23.934,-66.906,5.7
50.91,-130.66,6.1
53.669,161.867,5.6
-17.555,-174.771,5.6
-58.206,-26.533,5.6
-16.758,-173.597,5.5
5.41,126.764,6.8
-29.695,-178.79,5.5
39.716,140.76,5.9
-29.45,-71.715,6.6
27.85,86.941,5.6
-54.555,143.749,5.6
-6.646,155.209,5.8
-4.051,152.041,5.7
-32.347,-111.95,5.6
-36.24,-97.711,6.1
-5.766,152.061,5.5
13.257,144.007,5.8
40.035,15.98,5.6
-65.592,-177.115,5.8
-24.512,-67.119,5.6
-14.233,-72.615,5.6
-34.75,-107.981,6.1
51.618,-173.15,6.1
-5.624,151.637,6.3
-6.58,154.868,5.6
-38.294,-93.623,5.7
-21.392,-174.709,5.5
-35.63,-179.844,5.5
-35.586,179.958,5.6
-7.77,106.951,5.5
0.262,122.467,6.0
-13.573,166.791,6.4
11.822,143.154,6.0
46.313,106.288,5.6
-20.27,-175.876,5.7
-8.194,112.413,6.6
3.84,126.407,6.2
44.209,20.08,5.5
-17.202,167.832,5.8
-4.641,153.14,5.8
13.738,-45.565,6.0
14.367,53.772,5.7
-56.628,-25.502,5.5
-56.618,-25.352,5.8
-56.649,-25.294,5.6
28.505,127.615,6.2
-56.705,-25.571,5.7
-56.605,-25.452,5.5
-8.464,-76.38,5.5
-5.878,151.628,5.5
-16.119,-71.404,6.2
-9.109,-109.557,5.5
-15.393,-173.392,5.5
11.321,-86.451,6.0
-33.518,-72.078,5.7
-0.384,119.859,5.9
-0.403,119.84,6.0
-21.04,-179.11,5.9
-56.913,-142.618,6.3
-56.273,-143.186,5.5
40.027,143.297,5.5
-5.915,151.036,5.8
53.635,-163.148,5.5
19.285,145.341,5.7
-17.275,167.763,5.9
-17.719,-175.222,5.5
-3.552,123.164,5.7
33.489,141.398,5.7
2.921,128.623,5.9
0.839,125.966,6.6
-6.221,98.798,5.7
53.049,157.859,5.5
-19.25,177.791,5.7
23.643,-108.787,5.5
12.867,125.036,5.9
-15.613,-177.99,5.6
-44.432,-79.112,5.9
-30.385,-177.608,5.5
-7.262,127.081,5.7
-9.135,121.421,6.4
56.731,-152.065,5.7
-6.954,129.022,6.7
-6.92,128.946,7.0
-7.018,128.659,5.6
-34.558,179.791,5.6
1.079,-85.275,5.7
-14.946,167.367,6.0
-21.589,-176.504,6.3
-4.075,-104.181,5.5
-60.275,-47.477,5.5
-26.83,-113.29,5.8
7.666,-82.78,5.9
-3.315,130.766,6.0
27.308,101.029,5.6
5.167,126.143,5.7
22.605,125.783,6.3
1.681,126.543,5.5
-23.716,-70.512,5.6
-16.0,-172.703,5.5
-16.515,-174.751,6.1
-7.859,158.622,6.2
-29.238,-177.12,5.7
-32.14,-69.328,5.5
-28.978,-177.026,5.5
-15.363,172.964,5.9
-2.071,124.891,7.7
-1.909,124.708,5.7
-5.875,151.262,5.8
-33.457,-109.346,5.7
-9.144,67.459,5.9
52.121,-169.412,5.8
1.253,126.198,6.6
-8.344,121.45,5.8
-7.952,-71.416,5.5
36.514,71.021,5.7
-16.597,-172.758,5.5
13.345,-44.845,5.5
30.923,137.654,5.5
-38.214,-71.033,6.0
-15.057,167.313,6.0
31.287,131.286,6.0
1.178,126.263,5.6
1.12,126.175,6.2
16.956,-85.8,5.6
-25.159,179.627,5.6
-33.05,-179.32,5.6
-40.746,-74.849,5.6
-56.483,-27.366,5.6
-1.364,123.644,6.1
-21.632,-176.376,6.8
20.78,-74.673,5.6
-17.105,-177.075,5.6
-15.916,168.085,5.7
7.326,-78.073,5.5
-18.502,-174.067,6.0
51.477,176.918,5.5
44.39,147.313,5.6
52.166,159.626,5.6
26.741,140.17,5.9
-5.421,151.681,6.0
-20.598,169.757,5.8
56.233,-147.427,6.0
13.232,145.528,5.5
-22.034,170.052,5.5
-22.27,170.354,5.7
-4.596,153.235,7.0
38.649,142.904,5.8
30.618,131.086,6.4
-21.132,-174.659,6.1
-26.463,74.476,6.3
-18.026,-178.445,5.8
4.461,-75.724,6.1
4.37,-75.682,5.5
2.355,126.702,5.5
-20.515,-174.207,5.8
-22.313,-179.017,5.5
-5.317,146.764,5.9
6.711,-82.678,5.7
52.886,-169.123,6.6
-4.582,153.658,6.4
-15.859,-179.748,5.9
-18.734,169.251,5.5
41.674,88.463,5.5
43.157,46.841,5.7
43.455,146.96,5.7
85.734,84.439,5.6
85.571,87.141,5.7
-20.305,-174.365,6.3
-6.19,104.222,5.8
-8.612,149.279,5.8
11.386,139.018,5.7
4.033,95.283,5.9
-12.616,166.966,5.9
47.505,147.158,5.8
19.2,121.265,6.0
-12.853,166.697,7.3
-7.908,147.734,5.9
34.259,69.364,6.0
-6.975,150.404,5.5
44.474,149.678,5.6
-3.558,144.83,6.2
-15.507,167.996,6.0
4.931,95.848,5.5
-2.011,133.483,5.8
-21.143,-70.04,5.6
-5.922,147.403,5.5
35.51,141.818,5.5
-6.185,154.431,5.7
-21.452,169.682,6.4
24.115,122.646,5.9
0.2,119.541,6.2
-20.804,-174.071,5.5
18.053,146.523,5.8
0.232,119.484,5.5
51.604,104.864,5.9
-63.497,169.428,5.6
-49.243,-7.918,5.6
-2.975,126.528,5.7
85.686,86.034,5.5
35.592,141.751,5.9
-27.608,-176.486,5.6
-22.717,-68.503,5.9
28.343,57.193,6.6
28.323,57.147,5.6
85.735,84.906,5.5
5.397,121.937,7.1
-20.423,-68.901,5.8
-34.673,-69.6,6.0
5.255,122.168,5.9
-21.734,-179.465,5.7
-15.766,-179.526,6.1
52.129,159.482,5.8
52.132,159.529,5.8
52.056,159.52,6.9
-20.0,-177.765,5.6
12.033,143.645,5.5
41.891,82.692,5.5
2.683,125.674,5.5
-0.034,124.313,5.8
41.097,142.971,5.9
51.587,-177.668,6.9
5.649,126.641,5.5
55.896,110.214,5.9
55.942,110.272,5.9
-7.122,128.658,5.8
-20.912,-178.731,5.6
29.57,128.333,5.6
-7.028,117.089,5.5
-9.682,112.79,5.6
-40.045,-71.747,5.5
-3.857,131.43,5.6
-56.799,-141.051,5.8
30.512,79.403,6.6
85.644,86.259,5.8
-10.688,161.338,5.6
-3.996,87.284,5.8
10.696,-70.418,5.8
5.827,-82.616,6.3
-4.357,152.707,6.2
-19.899,168.193,6.2
-57.679,-27.078,5.5
-16.66,-72.662,6.8
13.173,-87.634,6.0
-5.591,149.568,7.4
24.908,93.678,5.6
24.451,-46.374,5.9
-6.527,147.007,6.4
-6.42,146.946,5.5
-0.155,122.909,5.5
43.607,130.35,7.1
-42.056,84.269,5.6
-26.354,178.221,6.2
-6.0,148.495,6.0
-20.036,168.575,5.9
-21.422,-176.46,6.8
-6.346,146.976,5.8
19.25,-155.49,5.7
19.248,-155.489,5.8
-26.896,-176.383,5.5
-20.458,168.81,5.5
-31.888,-179.04,6.5
-29.679,-178.474,5.6
-27.953,26.635,5.7
13.123,145.142,5.7
-1.648,-77.783,6.0
28.867,131.148,5.9
-35.781,-102.9,5.8
-31.646,-71.681,5.6
56.794,-34.268,5.6
59.291,-151.523,5.8
14.364,-94.673,6.1
-34.019,-178.97,5.5
29.501,51.88,6.2
-7.491,31.683,5.6
56.416,-152.939,6.2
45.449,151.63,5.9
-21.486,173.44,5.7
14.214,-91.945,6.1
-42.455,83.828,5.7
-11.658,166.289,5.7
-5.159,150.88,7.1
-36.102,-110.64,6.0
-36.368,-110.588,5.6
-36.31,-110.395,5.7
43.032,143.835,6.2
-0.418,121.441,5.5
-3.068,129.686,5.5
37.5296667,-118.8171667,5.5
-4.751,152.486,7.1
-2.642,138.217,6.4
-5.195,152.73,5.5
-5.165,152.877,6.6
-5.039,152.537,5.6
-5.65,148.533,6.1
-5.03,152.764,5.8
-38.674,175.26,5.8
5.625,123.855,5.9
85.632,86.146,5.5
-60.788,-24.952,5.7
-20.731,169.881,6.1
-5.601,152.618,5.7
-19.078,169.438,5.6
3.689,90.144,5.6
-27.931,-66.934,5.8
34.478,32.131,5.6
58.652,-137.184,5.6
0.053,123.484,5.7
53.859,-164.064,5.8
13.897,-90.768,6.3
8.586,125.854,5.7
73.017,5.187,5.5
73.077,5.453,5.5
15.04,-60.421,5.8
-19.281,-173.557,5.6
8.592,125.868,5.5
-53.039,-46.839,5.8
18.386,-97.436,7.0
-17.037,-173.362,5.8
-14.965,-175.854,5.9
5.514,126.639,6.4
-5.414,146.879,5.7
8.228,141.301,5.6
36.388,70.707,5.5
18.324,-101.539,6.3
-4.508,133.947,5.7
-56.274,-27.638,5.5
19.279,145.575,5.6
3.802,126.347,5.6
30.098,69.444,5.6
-17.956,-178.187,6.0
-9.468,147.854,5.6
36.622,71.353,5.7
70.386,-15.152,5.5
70.28,-15.351,5.7
49.371,-129.204,6.0
47.08,-123.46,5.8
47.074,-123.4636667,5.8
56.076,164.639,5.5
26.323,140.482,6.1
49.233,155.559,6.1
-30.247,-178.131,5.7
-24.967,-70.504,5.6
-6.514,154.944,6.3
-20.095,-178.16,5.6
15.782,-88.33,6.7
30.069,69.419,5.7
5.513,126.709,5.7
-35.487,-104.074,5.6
13.749,-90.42,5.6
-18.23,168.178,5.5
-22.546,179.412,6.0
-28.629,-177.608,6.5
-9.03,120.159,5.5
-33.58,-176.705,5.5
26.904,141.455,5.6
-18.289,-177.906,5.7
4.567,97.211,5.6
-5.151,151.942,6.2
40.78,141.675,5.7
-2.979,150.494,5.6
-3.046,150.572,5.5
-15.201,-173.324,5.5
-28.69,-177.523,6.1
-30.285,-178.014,6.3
29.999,69.397,5.5
5.201,-82.579,5.5
-30.367,-177.832,6.5
51.52,-176.273,5.9
37.53,-116.968,5.94
-33.023,-70.153,5.5
-12.55,167.175,5.7
-3.453,-79.162,5.9
49.933,156.261,5.9
-21.086,-176.059,5.6
-56.435,-143.024,5.6
51.229,178.062,5.5
-22.147,170.052,5.5
9.346,-83.967,5.6
34.791,32.939,5.6
-18.721,-176.882,5.5
-1.716,122.456,6.2
-45.622,-76.578,5.5
-0.688,127.273,5.6
52.094,-169.488,5.5
52.037,-169.502,5.8
-1.776,122.492,5.6
-5.885,104.711,6.4
-5.396,152.529,5.9
40.748,29.864,7.6
-37.341,177.333,5.7
9.044,-84.159,6.9
34.024,135.405,5.7
-20.389,-173.757,5.7
8.918,-83.938,5.8
-58.311,-13.196,6.2
-40.509,-74.756,6.4
-16.117,168.039,6.6
-19.059,169.612,5.7
10.376,126.006,5.9
58.153,-154.784,5.5
-3.522,145.657,6.2
-3.472,145.611,5.8
19.119,121.152,5.7
-27.801,73.857,5.6
-1.287,-77.549,6.3
3.103,65.855,6.0
38.119,23.605,6.0
-63.289,-166.566,5.5
7.138,123.678,5.5
47.506,154.334,5.5
46.024,150.26,5.8
-32.831,-178.27,6.0
28.97,142.053,5.9
-3.636,149.515,5.6
40.709,30.045,5.9
-55.989,-27.809,5.5
15.09,146.223,5.5
-20.934,-67.275,6.4
-13.79,167.238,6.3
-14.408,-178.21,5.5
-4.422,-104.444,5.6
-6.443,147.799,5.6
51.207,157.556,6.0
-19.713,169.205,5.9
46.419,153.377,5.8
-3.624,150.875,5.9
46.334,153.463,5.5
23.772,120.982,7.7
23.602,120.966,6.3
23.785,121.202,6.1
23.57,121.299,6.3
23.746,121.189,6.1
23.756,121.246,6.2
23.39,120.964,6.4
-63.68,-167.163,5.6
23.729,121.167,6.4
23.642,121.136,5.8
23.738,121.158,6.5
2.667,127.914,5.7
54.59,168.263,6.1
-30.738,-71.993,6.0
16.059,-96.931,7.5
-0.279,122.702,5.8
40.186,143.04,5.7
-13.357,-111.314,5.7
-10.685,-75.635,5.6
-35.841,-103.284,5.7
51.207,157.61,5.6
52.243,-177.72,5.5
-6.158,149.287,5.7
-21.054,-174.495,5.9
-21.89,-176.717,5.6
-1.99,134.279,6.1
-21.116,-174.489,5.7
-3.407,150.948,5.5
54.657,-161.189,6.4
-14.281,-70.484,5.5
34.6033333,-116.265,7.1
34.6781667,-116.2895,5.77
34.24,-117.04,5.6
-56.121,-26.578,6.3
-6.94,129.336,5.8
13.726,125.197,5.6
23.445,120.506,5.9
23.433,120.508,5.6
-4.808,153.414,6.3
44.612,149.44,6.0
-34.841,-112.032,5.6
-19.442,-173.88,5.9
-2.119,134.192,5.5
31.971,142.251,5.8
-38.699,175.803,6.2
-23.681,-111.615,5.6
39.463,144.682,5.5
-15.838,-173.728,5.7
-33.057,-179.54,5.6
23.378,121.52,6.3
-45.473,96.567,5.7
-15.761,-172.538,5.6
36.522,71.24,6.5
35.726,61.205,5.5
-6.41,-107.233,5.6
49.315,155.633,6.1
40.744,30.266,5.7
1.276,100.322,6.2
40.758,31.161,7.2
40.785,31.12,5.5
53.357,171.423,5.9
38.304,142.309,5.7
-1.339,88.976,7.0
-55.823,-125.134,6.1
-5.978,148.82,6.9
-6.004,148.803,6.3
-6.576,148.672,5.7
0.523,126.066,6.0
-6.429,148.533,5.9
-6.351,148.763,7.0
-21.75,-68.78,5.9
-63.123,-164.527,5.9
18.544,-107.168,6.2
-16.152,-173.057,5.5
9.732,57.122,5.6
-0.944,121.487,5.7
55.133,165.364,6.0
-30.234,-177.678,5.9
-16.423,168.214,7.5
-16.009,167.984,5.7
55.143,165.475,5.6
-16.426,168.05,5.5
-15.576,167.918,5.9
-14.529,-71.291,5.9
-54.855,-136.384,5.5
-4.692,153.016,5.9
54.952,165.659,5.7
0.581,126.205,5.6
-1.275,89.043,6.4
0.565,126.11,5.7
-18.901,-69.171,6.6
-21.284,169.105,5.8
-21.325,-178.662,5.8
17.647,-82.356,6.3
-22.031,169.977,5.6
10.961,-70.341,5.5
-10.961,164.235,5.5
40.358,42.346,5.7
57.667,-32.58,5.6
3.282,128.088,5.7
-28.5,-71.221,5.7
57.812,-32.728,5.5
29.92,138.689,5.7
57.413,-154.489,7.0
57.363,-154.401,5.6
57.362,-154.514,6.4
-15.911,-173.984,6.4
-9.843,159.965,6.1
-6.028,148.144,6.4
-22.303,179.613,5.6
-36.206,-97.316,6.5
-13.912,167.188,5.7
-17.715,-178.793,5.7
15.766,119.74,7.3
14.765,-91.186,5.8
-2.889,128.155,5.7
2.077,127.115,5.9
-0.138,125.119,5.8
17.189,-85.134,5.7
-5.786,150.974,6.3
-28.939,-13.342,5.7
-50.149,138.989,6.0
54.506,-161.039,5.6
-50.26,139.423,6.0
7.982,-37.968,5.5
8.069,-38.026,5.7
-2.425,139.675,6.2
12.87,144.571,6.0
-3.986,131.331,5.9
-4.579,151.234,5.7
55.83,110.029,5.5
-6.845,105.555,6.5
-54.345,1.974,5.7
-10.885,165.457,6.0
