34.755,73.152,5.5
34.733,73.1,6.4
34.593,73.187,5.6
34.771,73.12,5.7
34.71,73.199,5.7
34.67,73.182,5.7
-6.881,105.459,5.5
13.42,125.077,5.8
4.82,95.098,5.9
-5.147,153.766,5.7
-23.713,-176.024,5.5
-34.659,179.434,5.7
46.816,154.113,6.1
25.309,123.351,6.4
2.026,97.941,5.7
38.131,26.505,5.5
-49.518,164.189,5.7
38.2,26.5,5.8
-17.775,-69.486,5.7
11.677,-85.85,5.7
37.622,20.918,5.7
34.751,73.037,5.6
36.405,140.839,6.3
52.206,-169.04,5.6
38.152,26.751,5.9
-5.824,129.996,5.7
37.148,140.931,5.5
-21.798,-68.422,5.5
37.377,134.556,5.9
34.854,73.042,5.5
-7.154,145.976,5.9
-45.214,96.898,6.5
-8.555,-79.837,5.5
-16.527,-172.776,5.7
-3.592,127.325,5.7
-30.39,-178.169,5.7
-35.652,53.373,5.6
1.226,97.269,5.5
-3.149,148.143,6.4
-56.079,-27.35,5.5
-6.9,155.01,5.5
-18.029,172.924,5.5
-1.024,-76.943,5.9
-10.513,161.037,5.5
57.47,120.586,5.9
-55.698,-27.063,5.9
-3.1,128.944,5.9
38.107,144.896,7.0
33.336,141.351,5.7
22.04,144.799,5.7
-22.361,-67.895,6.8
33.319,141.388,5.7
2.164,96.786,6.5
53.843,-164.093,6.2
-6.958,129.221,5.5
31.019,129.997,6.1
-14.808,66.717,5.6
-60.726,-25.319,5.5
53.929,-164.063,5.7
-5.154,145.284,6.2
50.073,147.704,5.5
-24.273,-176.313,5.6
5.905,126.386,5.8
-25.814,-177.834,5.5
26.774,55.858,5.9
26.842,55.806,5.5
1.16,97.266,5.6
-62.332,155.023,5.7
-29.31,-70.958,5.5
20.29,146.055,6.0
-9.672,-79.678,5.5
6.27,124.029,6.4
-21.021,-179.105,5.5
38.089,142.122,6.5
-21.444,169.895,5.7
29.338,130.29,5.9
12.19,141.008,5.7
-5.407,142.006,5.5
-6.224,29.83,6.8
-30.012,-177.637,6.4
-5.408,146.953,6.1
-6.176,29.709,5.5
-24.599,179.948,5.6
15.302,-45.862,5.6
-7.872,129.022,5.5
15.272,-45.835,5.7
-6.584,152.223,6.6
57.439,120.761,5.6
14.018,120.717,5.6
36.357,71.093,6.5
-15.265,-178.571,6.7
-14.596,167.928,5.6
12.252,-89.521,5.7
38.506,141.9,6.0
2.842,95.916,5.7
12.232,140.995,6.1
-25.484,179.484,5.5
-0.066,124.672,6.3
6.643,-82.755,6.0
-54.496,-135.659,5.5
-54.719,-135.868,6.3
-1.386,-77.517,6.1
26.822,140.646,5.7
7.529,-82.266,6.1
31.394,140.131,5.6
4.735,95.144,5.5
12.361,144.31,5.7
-60.957,-21.606,7.4
-4.883,152.343,5.6
-19.926,-178.178,7.2
13.841,145.287,5.8
28.164,-112.117,6.6
-22.855,-66.172,5.5
-56.552,-24.954,5.7
6.635,-82.337,6.1
52.415,173.613,5.5
36.311,23.212,6.7
37.057,-14.133,5.5
43.507,-127.266,5.6
-7.826,122.597,6.1
37.774,142.131,5.7
-36.411,-100.496,5.8
31.066,-41.422,5.7
-22.399,173.967,5.7
13.002,93.245,5.6
-17.391,167.715,6.4
-25.326,178.316,5.6
6.864,-77.793,6.2
6.847,-77.974,5.5
-54.16,-135.746,5.5
-30.688,-177.791,5.6
-65.417,179.489,5.6
-5.473,128.131,7.6
-5.055,104.154,5.7
2.703,96.073,5.9
-21.178,169.609,5.6
-17.747,-178.39,6.7
36.156,141.449,5.7
-16.361,-173.747,5.6
11.86,92.372,6.1
1.093,-90.46,5.9
66.297,-142.686,5.5
-6.05,150.013,5.6
56.188,164.198,5.7
-18.235,168.09,5.6
-54.502,143.812,5.9
-7.147,127.736,5.5
-7.694,121.646,5.5
-57.211,-141.265,5.5
20.821,146.18,6.3
-15.98,-173.02,5.8
24.021,141.489,5.6
-1.48,-15.104,5.8
-16.797,167.207,5.9
-5.193,152.053,6.2
13.164,-87.561,5.5
-21.324,33.583,7.0
-21.371,33.525,5.7
-54.669,1.765,6.2
26.912,91.705,5.8
-10.628,164.384,5.5
-17.995,-179.59,6.1
-23.607,-179.989,6.4
-15.283,-176.239,6.0
28.12,56.865,6.0
13.459,120.515,5.8
-18.018,-178.408,5.5
19.358,-63.787,5.6
-55.695,-4.232,6.0
1.133,-27.879,5.6
12.598,-89.356,5.7
-20.118,-175.661,6.1
64.911,-129.18,5.6
-15.608,-174.548,5.6
-40.103,78.486,6.2
-14.805,167.368,6.2
-40.134,78.555,5.8
23.777,70.899,5.5
-59.542,-29.66,5.9
0.791,-26.125,6.0
-60.419,-46.505,6.1
-33.227,56.95,5.6
-5.075,153.657,5.8
-3.933,151.698,5.5
-3.595,127.214,6.7
-16.871,167.242,5.6
-21.155,33.584,5.6
-7.471,125.072,5.6
-4.822,149.744,5.6
-5.119,123.107,5.6
-15.325,-175.732,5.6
-58.051,-25.263,5.5
-13.425,172.392,5.9
-22.303,170.532,5.5
-5.809,151.195,5.5
-23.797,179.893,5.8
-62.47,165.168,5.7
-3.245,143.144,6.1
-16.885,174.504,6.0
27.574,55.685,5.9
27.541,55.78,5.5
7.075,-34.216,5.5
32.602,132.157,5.5
-17.748,-178.895,5.6
12.078,121.401,5.6
31.713,137.746,5.9
33.5,48.78,6.1
-29.435,-176.768,6.5
-29.835,-176.746,5.5
3.798,126.344,6.2
-29.621,-177.144,5.7
22.868,121.278,6.1
-29.728,-177.119,5.5
-29.438,-177.062,5.5
-29.562,-176.773,5.6
3.782,126.407,5.6
-10.853,165.934,5.5
18.716,-106.992,6.0
-29.285,-177.116,5.6
37.64,20.962,5.5
-37.28,78.278,5.8
23.322,70.477,5.5
-16.527,176.989,6.5
44.88,150.373,5.5
-20.45,-70.244,5.8
7.511,-36.93,5.7
37.64,20.92,5.5
37.68,20.91,5.5
56.397,163.99,6.0
37.61,20.95,5.7
-26.002,-177.806,5.5
35.314,89.669,5.6
22.802,121.362,5.9
-29.772,-72.003,6.0
30.242,138.565,5.7
4.596,125.375,5.7
-12.475,166.508,6.1
-27.073,-71.225,5.6
2.643,93.226,6.2
31.607,90.413,5.7
34.858,139.207,5.6
60.949,167.089,7.6
60.874,167.007,6.1
60.527,165.816,6.1
61.354,167.525,6.1
61.197,167.323,5.5
1.994,96.995,6.3
-57.482,147.568,6.1
-11.211,118.349,5.8
60.491,167.516,6.6
44.518,102.391,5.7
-15.103,167.441,6.1
-15.436,-173.228,5.5
-27.017,-71.022,6.7
-15.523,-173.101,6.0
-27.277,-71.235,5.7
-27.082,-71.11,5.8
-27.223,-71.217,5.9
-27.211,-71.056,6.5
-27.227,-71.196,5.8
-28.458,-176.852,5.7
-28.257,-176.904,5.7
8.165,-82.882,5.9
8.115,-82.874,5.5
2.205,-99.035,5.7
-20.187,-174.123,8.0
-58.259,157.926,5.9
-20.579,-174.036,6.0
-20.261,-173.866,5.5
-19.833,-174.652,5.9
-24.977,179.675,5.6
-38.62,78.57,6.0
-20.1,-174.405,5.6
-36.805,78.545,6.1
-36.829,78.57,5.5
-4.852,102.346,5.9
60.755,165.845,5.8
52.515,-169.256,6.4
-27.471,-71.3,5.5
23.309,94.307,5.6
-5.575,105.395,5.5
5.521,94.432,5.7
-31.81,-179.307,7.4
0.093,97.05,6.8
-20.751,-174.151,5.7
-20.634,-173.952,6.0
-20.617,-173.972,5.8
54.627,163.857,5.7
-0.143,124.713,6.3
1.55,-85.311,6.0
60.772,165.743,6.6
54.271,158.447,6.2
-4.715,126.811,6.1
-27.565,-112.793,5.6
-20.376,168.925,5.5
-20.423,168.945,5.5
-2.246,139.154,5.7
-20.295,168.818,5.5
-18.141,-71.161,5.6
-7.961,110.446,6.3
-5.724,151.133,6.5
-19.907,-174.537,5.7
19.162,121.179,5.7
-59.59,-26.235,5.7
-7.94,154.628,5.5
-41.948,88.458,5.6
-45.763,-75.519,5.7
-3.749,140.065,5.9
-20.837,-178.701,6.0
1.175,-28.065,6.0
1.018,-28.162,5.7
-17.531,-178.747,6.1
-17.98,-178.503,5.5
-47.75,32.612,5.9
-20.661,-179.262,5.9
33.134,131.145,6.3
51.752,177.082,6.5
51.948,177.128,6.0
1.454,126.304,5.6
45.389,97.354,5.8
-15.431,-175.135,5.6
1.281,121.799,5.6
40.349,143.712,5.5
40.329,143.612,5.5
33.028,-39.702,6.0
51.582,-130.473,5.6
6.938,92.454,6.0
45.417,149.343,6.0
-0.39,123.195,6.3
-22.762,-68.695,5.5
52.23,176.158,6.2
-19.865,-178.287,6.3
-60.428,153.711,5.7
-21.287,-68.516,5.5
14.986,-94.14,5.8
6.501,92.793,6.3
26.925,55.866,5.8
-6.257,154.799,5.6
51.063,-179.314,5.5
0.85,126.919,5.5
51.713,176.93,5.8
51.188,-179.387,5.5
51.102,-179.357,5.6
-56.529,-142.489,5.8
-20.565,-174.125,5.6
-4.359,151.859,5.5
39.119,71.836,5.8
-10.483,165.117,5.7
-15.244,-173.61,6.0
-28.562,-67.389,5.5
51.214,-179.312,6.6
-11.627,-13.432,5.5
-8.548,67.814,5.7
-5.993,148.52,5.7
-17.64,65.769,5.5
-60.942,-36.471,5.7
-4.446,126.156,5.8
-28.715,-72.543,6.2
-19.937,-178.401,5.7
-9.284,107.419,7.7
-9.281,107.347,5.6
-9.68,107.516,5.5
-9.875,107.886,5.7
-9.087,107.76,6.0
-9.032,107.733,5.9
-9.094,107.68,5.5
-9.506,107.649,5.9
-9.009,107.833,5.7
-9.529,107.71,5.5
-9.42,108.319,6.1
-9.369,108.774,5.9
-9.301,108.753,5.7
-0.177,124.944,5.5
-9.355,108.779,5.6
-20.084,-178.434,5.7
-3.908,154.373,5.6
-9.216,108.373,5.5
-9.543,107.241,5.7
32.974,96.208,5.5
-6.535,105.389,6.1
-5.474,150.684,6.4
-5.328,150.691,5.9
-0.336,123.286,6.0
-17.93,-178.608,5.8
10.411,142.031,5.5
1.707,97.146,6.3
24.183,122.526,5.9
37.255,68.828,5.6
-22.25,-179.577,5.5
23.589,-63.923,5.8
26.864,-111.209,5.9
1.463,97.182,5.6
10.166,-103.863,5.5
-31.342,179.57,5.7
-11.167,116.85,5.9
52.121,171.035,5.5
-33.126,-68.719,5.6
37.367,74.733,5.6
26.119,144.011,5.9
-15.798,167.789,6.8
18.541,-101.048,6.1
2.403,96.348,6.2
28.789,130.016,5.5
-55.503,-124.349,5.6
-4.672,126.734,5.9
-9.273,150.481,5.7
51.092,179.261,5.7
-21.189,-176.25,6.1
-58.892,149.154,5.9
-28.815,61.736,5.9
55.617,161.686,5.7
46.542,141.908,5.6
16.231,-97.257,5.6
49.823,156.415,6.0
-61.029,-34.371,7.0
-60.913,-34.057,5.9
33.631,135.825,5.5
-4.245,152.815,5.6
51.148,157.522,6.5
-24.403,-67.028,6.6
51.331,-179.573,5.7
51.377,-179.54,5.7
-10.756,165.057,5.6
-0.348,125.123,5.8
-17.65,65.943,5.7
-0.267,125.061,5.8
28.798,130.03,5.5
-54.678,-128.537,5.5
-6.759,155.512,6.8
53.263,159.699,5.7
53.97,-166.392,5.9
-21.801,-175.146,5.7
-58.769,149.158,5.5
-24.046,178.817,5.9
7.678,126.433,5.8
-60.844,-34.166,5.7
-7.219,120.106,6.3
26.319,-86.606,5.9
35.472,78.225,5.5
-28.944,-68.898,6.0
8.283,126.49,5.5
-6.018,150.471,5.8
41.364,135.697,5.9
-3.08,129.441,6.3
-31.733,-67.145,6.2
51.596,-173.961,5.8
-26.151,-175.603,5.7
-9.902,107.346,5.9
-9.05,110.365,6.0
-26.868,-63.149,6.0
-32.228,-67.687,5.7
-17.741,41.811,5.7
-0.179,124.83,5.7
46.462,153.36,5.9
-16.592,-172.033,6.9
-16.159,-176.238,5.6
10.876,-61.756,6.1
10.814,-61.758,5.5
7.283,-34.658,5.5
-15.588,-73.16,6.0
46.351,153.166,6.6
46.185,153.169,6.0
46.33,153.256,5.5
46.47,153.24,6.5
-18.84,169.001,6.3
-41.189,80.641,5.7
-50.105,-114.598,5.7
-24.087,-68.98,5.7
-23.554,-175.271,5.8
20.654,120.023,6.3
20.707,119.981,5.9
-51.03,29.024,5.7
-56.101,-122.373,6.0
37.197,142.664,6.0
8.405,-103.165,5.8
20.712,120.084,5.7
24.148,122.627,5.7
-31.256,-71.368,6.4
46.238,153.277,5.9
19.878,-155.935,6.7
20.129,-155.983,6.1
-50.778,162.161,5.8
-30.244,-71.325,5.5
-5.881,150.982,6.7
-21.042,-68.276,5.9
-15.053,167.266,6.4
4.82,-82.652,5.7
-13.457,-76.677,6.7
13.432,121.47,5.8
13.493,121.527,5.8
13.418,121.546,5.6
13.368,121.378,5.9
-45.727,95.987,6.1
4.945,125.222,5.7
-21.855,-65.595,5.8
29.351,140.27,6.4
4.898,125.295,6.1
38.649,15.39,5.8
-13.371,-76.618,6.0
29.366,140.197,5.6
-15.204,-70.456,5.5
-6.475,154.925,5.5
2.339,126.791,5.5
2.324,126.777,5.6
-5.45,146.637,6.0
-21.729,-68.204,5.8
-6.482,151.195,6.6
47.171,153.963,5.6
-5.994,148.593,5.9
-6.225,151.05,6.2
48.281,154.246,5.9
-26.052,-63.283,6.8
-17.833,-178.417,5.5
-6.38,151.23,6.2
-6.39,127.998,6.1
-23.267,-68.326,5.7
-50.599,162.328,5.5
-25.088,-112.161,5.5
46.592,153.266,8.3
46.301,154.61,5.6
46.27,154.52,5.6
47.77,153.179,5.5
47.518,152.647,6.0
46.086,154.1,6.0
46.371,154.475,6.2
46.862,153.731,5.5
46.652,155.305,6.4
46.483,154.726,6.7
44.104,154.7,5.5
47.111,154.417,5.7
46.195,154.668,5.9
47.421,153.861,5.7
47.055,155.526,5.5
47.006,154.979,6.0
47.075,155.166,5.5
46.867,154.996,5.5
47.278,154.146,5.9
47.141,153.51,5.7
47.382,154.164,5.5
47.666,154.548,5.6
46.718,153.3,5.5
-62.707,-160.905,5.7
46.358,154.468,6.0
-51.874,139.755,5.5
-51.996,139.473,6.1
47.017,155.526,5.6
28.591,129.895,6.2
11.111,-87.81,5.5
4.746,94.783,5.9
4.741,94.771,5.9
-55.584,-24.871,5.7
18.463,-104.489,5.5
46.901,154.891,5.5
-4.521,-104.832,6.1
-17.668,-70.228,5.6
-6.216,154.748,5.6
44.154,146.784,5.6
47.536,154.199,5.5
-5.997,150.483,5.9
46.762,153.774,5.5
-23.422,-175.572,5.7
53.588,-163.748,5.5
-16.053,-71.802,5.7
2.52,128.283,6.2
53.741,-35.438,5.6
-25.371,179.661,5.5
-21.297,-174.677,6.0
-53.844,-134.359,6.2
-29.761,-111.958,5.6
3.39,99.079,6.3
-8.261,118.753,6.3
-17.774,-174.314,5.8
-0.538,-19.738,5.6
-50.703,162.564,5.7
13.994,-91.207,6.0
11.397,-86.411,5.5
-35.342,-104.546,5.8
-53.982,158.999,5.8
-8.801,126.704,5.7
46.153,154.386,6.4
47.435,147.055,5.8
-18.742,-178.014,5.5
10.023,140.416,5.5
29.761,130.516,5.7
3.733,124.684,6.3
-41.392,-86.003,5.5
46.407,153.042,5.6
-35.327,-105.745,5.8
-21.175,-174.573,5.5
-21.258,-174.472,5.8
4.815,95.018,5.8
0.626,99.859,5.8
13.272,125.806,5.6
3.269,125.277,5.5
-17.656,-178.576,5.5
10.653,92.361,6.2
-6.785,105.635,5.5
-4.548,153.161,5.7
-6.801,116.509,5.6
-2.115,139.044,5.8
42.156,76.163,5.8
21.799,120.547,7.1
21.974,120.493,6.9
21.636,120.852,5.5
48.321,154.837,6.0
-54.832,147.54,5.7
21.999,120.482,5.6
-5.724,154.424,6.0
13.313,51.365,6.6
5.496,-82.489,5.5
-37.94,-71.114,5.6
-28.591,-112.33,5.6
55.755,-156.061,5.8
8.077,92.437,6.1
39.803,70.312,6.0
-18.58,-177.847,6.3
59.42,-137.118,5.7
-3.655,127.283,6.0
46.243,154.524,8.1
46.334,155.166,5.5
45.567,153.765,5.8
46.913,156.276,6.0
-60.915,-34.069,5.5
34.892,138.64,5.9
-4.609,-105.145,5.6
2.61,126.238,5.6
-3.322,139.834,6.0
-57.911,-64.528,5.6
10.125,58.708,6.2
-5.488,101.454,5.9
-9.993,109.672,5.8
-5.525,130.435,5.7
-55.419,-29.533,6.2
1.065,126.282,7.5
0.955,125.888,5.6
1.096,126.026,5.5
1.042,125.969,5.5
-55.764,-27.016,5.6
1.06,126.345,6.2
1.041,125.849,5.5
1.024,126.265,5.5
-2.545,136.341,5.7
-2.502,136.332,5.9
-3.321,146.35,5.8
-43.139,41.647,5.5
-6.821,130.031,5.7
1.216,126.063,5.5
-13.1,167.054,5.9
-55.305,-29.382,5.6
1.019,125.971,5.6
22.564,121.926,6.0
1.278,126.563,5.5
1.282,126.202,5.6
1.218,126.502,5.6
-17.75,179.872,5.6
1.009,126.312,5.8
-54.74,146.298,6.9
20.98,144.705,6.6
-29.776,-178.002,6.5
-11.424,166.202,5.5
-7.817,107.193,5.5
-37.654,78.066,5.5
35.344,-35.944,5.6
19.372,-78.518,6.2
-55.883,-122.721,6.2
-55.791,-123.448,5.6
-20.609,-175.65,5.8
-20.678,-175.487,5.5
-20.674,-175.47,5.5
-17.712,-71.079,5.5
38.39,39.043,5.5
-42.978,-71.56,5.5
-5.002,144.98,5.9
35.804,-10.312,6.0
5.561,126.073,6.1
-1.424,-77.778,5.6
-0.438,124.189,5.5
-29.59,-112.051,5.9
-19.588,-69.823,5.6
0.432,97.308,5.7
41.794,143.553,6.0
-7.316,155.858,5.7
-7.255,155.889,5.6
-7.313,155.76,5.7
-4.095,154.45,5.5
6.336,-82.706,5.7
1.75,30.758,5.6
-20.206,173.088,5.8
-23.05,-70.473,5.5
-1.034,126.976,6.7
-1.032,126.975,6.0
-0.945,127.192,5.5
38.318,39.275,5.7
-45.337,-72.319,5.7
-7.006,-80.485,6.3
1.096,-85.206,5.5
-20.135,173.081,5.5
26.146,-110.421,5.9
-29.13,-177.133,5.7
-15.966,167.523,5.5
-44.77,35.495,5.7
-55.245,-29.142,6.2
26.581,-44.594,6.0
0.007,126.806,5.9
-55.252,-129.337,5.7
33.79,-38.473,5.6
-0.493,100.498,6.4
-0.488,100.53,6.3
1.955,97.908,5.9
3.018,-31.819,5.5
29.908,140.204,6.1
-58.217,-7.615,6.2
43.224,133.526,6.0
-11.428,66.255,5.7
-6.364,130.168,5.6
13.261,-87.387,5.6
-23.294,-69.71,5.5
74.256,8.713,5.7
55.209,161.859,5.8
43.988,147.891,5.8
-28.842,-177.006,5.6
-41.203,85.533,5.5
-21.049,169.834,5.8
46.897,151.77,5.6
26.261,-110.537,6.0
4.174,126.755,5.5
-8.128,117.863,5.6
11.514,-86.59,5.5
1.132,126.216,6.2
4.551,-78.536,6.0
42.159,144.004,5.5
4.585,-78.494,6.2
-60.695,154.09,5.7
9.191,126.121,5.5
-3.388,86.775,5.9
-18.858,-178.371,5.8
-53.814,140.789,5.8
-19.722,-70.142,5.7
-20.617,169.357,7.1
37.336,136.588,6.7
-20.754,169.354,6.9
38.34,20.42,5.7
22.036,142.975,5.5
0.831,125.914,5.5
-6.268,29.673,5.8
-31.591,-71.837,5.6
-31.604,-71.708,5.8
44.138,146.01,5.5
-14.624,177.766,5.7
-56.083,-123.27,6.2
1.274,122.631,5.6
-20.514,169.169,5.7
32.349,137.607,5.7
-8.466,157.043,8.1
-9.505,156.934,6.1
-7.169,155.777,6.6
-8.003,156.193,5.5
-7.368,155.557,5.5
-7.306,155.741,6.9
-7.303,155.682,6.0
-8.522,156.737,5.8
-7.265,155.409,5.6
-7.328,155.645,5.7
-7.532,156.054,5.7
-45.382,-73.058,6.1
-7.174,156.051,5.6
-7.356,155.363,5.9
-7.225,156.243,6.1
-8.706,157.62,6.2
-8.748,157.64,5.6
-7.848,156.475,5.6
-8.55,157.528,5.6
1.409,125.763,5.5
-9.706,154.663,5.6
-8.617,157.386,6.2
-7.09,155.491,5.5
-9.742,154.629,5.5
-7.028,155.242,5.6
36.451,70.688,6.2
-7.839,155.588,5.5
-7.857,155.801,6.1
-7.286,155.384,5.5
-7.065,155.243,5.6
-20.633,168.994,6.2
-6.742,154.889,5.6
-7.141,156.047,6.0
-7.76,156.49,6.4
-6.819,154.995,5.6
-6.758,154.835,5.5
-20.715,168.828,6.2
-20.688,169.056,6.5
-17.23,66.79,5.9
30.926,141.673,5.7
-16.999,-176.941,5.7
37.306,-24.621,6.3
1.507,-84.669,5.5
-55.373,-123.645,5.9
-6.949,155.771,5.9
-39.787,46.178,5.9
37.306,-24.494,6.1
2.916,95.7,6.1
-20.073,-178.082,5.9
48.304,154.695,5.8
12.99,92.525,5.5
-14.791,-173.458,5.5
-61.828,160.96,6.0
17.302,-100.198,6.0
-1.132,126.956,5.5
-35.051,-108.836,6.1
47.002,153.435,5.5
-63.337,169.919,5.8
-58.015,147.964,6.4
-31.845,179.761,5.6
-24.082,-66.626,5.6
42.658,141.861,5.5
25.722,125.093,6.1
25.73,125.148,5.7
25.71,125.108,6.3
25.623,125.043,6.0
25.683,125.244,5.5
27.471,128.379,5.7
21.136,122.129,5.5
-3.548,151.266,6.1
-13.838,166.843,6.1
-45.243,-72.648,6.2
7.4,126.44,5.7
-14.285,166.863,6.4
5.359,94.635,5.9
-6.965,155.938,5.8
-60.789,-20.208,6.1
-8.308,157.173,5.5
52.007,-179.972,6.2
-53.999,6.081,5.6
-7.124,155.134,5.7
-7.168,155.107,5.8
-21.327,-68.412,5.5
1.545,126.362,5.6
-34.115,-178.948,5.6
-27.552,-178.073,5.5
-1.41,-14.921,6.2
34.248,81.967,6.1
17.307,120.201,5.5
-19.401,-179.354,6.5
-19.406,-179.315,6.1
-19.251,-179.362,5.6
-44.85,-80.453,6.1
31.355,97.787,5.5
-21.213,-178.619,5.7
6.636,123.911,5.6
-6.883,155.412,5.5
-5.463,146.108,5.9
-21.683,-179.211,5.5
-19.513,-179.329,5.8
1.255,97.248,5.5
-55.477,-127.989,5.6
20.503,100.732,6.3
48.858,154.768,5.5
-6.959,155.865,5.7
-2.745,136.745,5.5
-30.658,-178.202,6.0
41.597,141.991,5.5
-7.316,151.906,5.7
52.352,-31.814,5.7
21.892,-96.359,5.6
-9.553,118.797,5.6
-9.228,157.433,5.5
-24.222,-67.027,5.9
-35.928,-103.097,5.5
-20.069,-174.519,5.6
-4.587,151.841,6.1
-13.833,166.615,5.7
-1.065,127.343,6.1
-1.066,127.419,5.5
-18.372,-173.885,5.5
-0.011,122.796,5.5
-59.972,-26.457,5.5
52.137,157.293,6.4
-3.454,148.668,5.5
23.028,101.052,6.1
-14.838,166.785,5.8
-60.182,-26.728,5.7
-6.722,130.906,5.8
-3.316,146.761,6.2
13.835,-90.766,5.8
13.639,-90.802,5.5
-35.687,-16.144,5.5
3.49,127.936,5.6
13.554,-90.618,6.7
-23.027,-68.915,5.5
-36.208,-100.152,5.9
10.383,125.308,5.5
-5.649,151.563,5.8
-46.361,96.177,5.6
-58.596,-26.244,5.5
-46.385,95.999,5.6
1.719,30.834,5.9
1.152,126.413,5.7
-7.264,155.506,5.8
-3.083,138.734,5.7
-3.55,150.962,6.3
-14.86,166.833,5.8
34.437,50.833,5.5
-11.597,166.312,5.5
21.473,99.779,5.6
-16.917,-177.069,5.6
-55.645,-2.626,6.5
-10.492,108.149,6.0
-7.979,154.635,6.7
-15.679,-74.893,5.8
-22.299,171.544,5.5
-32.004,-71.34,5.7
-15.772,-74.928,5.6
43.663,144.734,5.8
-22.264,-179.582,5.6
-5.929,130.564,5.9
0.715,-30.272,6.3
16.35,-93.99,6.1
-16.418,-172.644,5.7
-26.257,-178.087,5.6
-7.933,-74.379,6.1
-55.604,-128.519,5.7
51.838,-176.28,6.0
-15.383,168.597,6.1
52.491,-168.035,6.1
52.362,-168.008,5.9
37.535,138.446,6.6
37.502,138.467,5.7
36.808,134.85,6.8
-26.206,-177.744,6.1
-2.734,36.362,5.9
-26.295,-177.738,6.1
-26.084,-177.729,5.7
42.913,82.378,5.6
-20.775,168.462,5.6
-8.133,-71.272,6.1
-22.151,-65.777,6.4
-55.091,-129.418,5.7
-2.797,141.66,5.8
-2.783,141.724,5.8
-4.469,149.854,5.9
-4.109,-104.235,5.5
-3.942,-104.029,5.7
14.381,-90.954,5.5
-56.351,-142.499,5.8
7.157,92.518,6.1
2.872,127.464,6.9
-20.542,-178.465,5.7
-62.693,155.707,5.7
-21.459,170.939,6.1
-54.13,7.881,5.5
53.641,169.702,5.9
-35.519,-103.846,5.5
19.311,95.611,5.6
-56.058,-27.733,5.6
27.343,126.897,5.9
-0.162,-17.795,6.2
33.905,136.613,5.5
-15.595,167.68,7.2
47.116,141.798,6.2
51.307,-179.971,6.7
46.714,141.722,5.8
51.209,-179.961,5.6
-52.444,17.647,5.5
46.626,141.771,5.5
12.511,47.462,5.7
-21.555,-179.361,5.6
2.505,126.946,5.6
-62.973,145.306,5.9
-4.797,-105.406,6.1
-19.148,168.718,6.0
27.292,126.836,6.0
-5.926,107.681,6.1
-5.859,107.419,7.5
25.918,-45.001,5.6
-22.264,-179.493,5.7
-11.378,166.273,6.0
-60.549,153.785,6.1
-30.994,-13.408,5.5
46.877,141.746,5.5
50.322,-177.548,6.5
-13.386,-76.603,8.0
-13.255,-76.489,5.6
-14.226,-75.944,5.8
-13.355,-76.601,5.8
50.243,-177.568,5.8
-13.583,-76.587,5.6
-14.282,-76.127,6.4
-9.834,159.465,6.5
-14.286,-76.214,6.0
-3.522,-12.153,5.5
-14.426,-76.127,5.5
-5.301,129.469,5.8
-5.261,129.432,6.4
-14.177,-76.093,5.6
-13.605,-76.6,5.9
-13.805,-76.291,6.0
-22.047,174.622,5.7
-60.39,-26.863,5.5
-13.621,-76.617,5.8
-33.908,-178.69,5.5
-20.664,169.702,5.6
-13.63,-76.498,5.6
-0.256,-18.175,5.7
6.134,127.381,6.4
-5.395,140.874,5.7
8.037,-39.251,6.5
42.02,140.638,5.6
-19.925,-177.718,5.7
-17.457,-174.335,6.1
-17.311,-172.249,5.7
49.69,154.29,5.6
-20.948,-68.36,5.5
-2.972,129.317,5.5
2.382,127.117,5.6
24.902,-109.689,6.1
-11.61,165.762,7.2
-11.766,165.699,6.3
45.836,150.06,6.2
24.34,122.219,6.2
-56.081,-123.314,5.9
2.966,-77.963,6.8
-9.12,-109.434,5.5
-4.438,101.367,8.4
-2.84,100.221,5.5
-2.93,101.379,5.6
-3.158,101.463,5.9
-3.145,101.396,5.8
-2.625,100.841,7.9
-1.9,99.816,5.7
-1.689,99.668,6.5
-2.13,99.627,7.0
-1.724,99.635,5.5
3.801,126.342,6.3
-2.749,100.974,5.5
-3.172,101.524,6.0
-2.234,99.947,5.5
-57.625,-147.303,6.0
-15.464,-176.184,5.7
-4.075,101.169,6.4
-4.416,100.953,5.8
-23.645,179.68,5.9
-20.244,169.043,5.6
-2.788,101.19,5.5
-15.421,179.888,5.5
-3.259,101.348,5.6
-2.746,100.892,6.0
-1.999,100.141,6.7
-10.378,117.006,5.7
-45.913,-76.276,5.5
-2.135,99.935,5.5
-3.155,100.362,5.7
-11.774,166.182,5.6
-30.965,179.998,6.2
-3.918,-79.208,5.9
-4.99,153.5,6.8
-5.024,153.626,5.6
-1.787,99.488,6.1
-7.074,-11.713,5.6
-21.103,169.283,6.1
-21.207,169.388,5.5
-21.28,169.26,5.7
-21.207,169.362,6.3
-21.133,169.373,6.5
-21.246,169.403,5.5
12.378,141.921,5.5
-21.238,169.407,5.5
-21.402,169.193,5.8
-21.329,169.141,5.9
22.013,142.668,7.5
2.915,95.533,5.7
2.9,95.523,6.0
5.977,127.474,5.5
-21.158,169.243,5.7
-21.096,169.269,5.6
10.454,145.718,6.9
-49.271,164.115,7.4
-49.138,164.11,6.6
10.516,145.585,5.5
-3.158,148.223,5.9
-4.24,101.212,5.9
54.511,-161.708,6.3
54.417,-161.703,5.6
2.543,92.903,6.2
-8.285,116.811,5.7
-25.189,179.459,6.5
18.73,147.148,6.1
43.553,146.748,5.8
-20.706,-177.398,5.7
-4.808,152.892,6.0
-1.735,99.48,5.9
-49.052,164.31,5.6
-3.285,100.509,5.7
4.922,-82.565,5.5
-21.23,169.195,6.1
-44.796,167.553,6.8
-44.793,167.458,6.1
-25.775,179.53,6.6
-6.409,-107.307,5.5
30.132,-42.594,5.7
28.65,66.29,5.5
-6.31,154.77,6.0
-3.591,100.803,5.5
-3.592,100.859,5.6
-1.996,99.896,5.8
-3.899,101.02,6.8
-6.317,154.827,5.6
-3.541,100.794,5.5
-20.602,-68.754,5.6
46.011,154.231,6.1
-2.877,139.596,5.5
-2.847,139.574,5.5
54.52,-161.71,5.5
-3.271,143.763,5.6
37.43,-121.77,5.6
18.9,145.388,7.2
51.418,-178.38,6.0
-4.985,153.658,5.5
-6.594,154.764,5.6
-15.376,-173.165,5.7
-15.593,-173.066,5.8
-55.172,-129.214,5.6
-55.466,-128.966,6.1
-51.822,161.363,5.6
-67.034,111.199,5.7
38.155,73.264,5.5
22.15,92.388,5.5
-51.777,161.318,6.6
-11.547,166.279,5.7
-3.277,100.531,5.9
-0.552,99.473,5.5
-21.55,175.342,5.5
10.449,145.746,5.7
-22.247,-69.89,7.7
-23.215,-70.526,5.7
-11.538,166.264,5.5
-22.867,-70.407,6.3
-22.925,-70.237,6.8
-22.788,-70.195,5.6
-23.005,-174.996,5.8
-2.312,-77.838,6.8
-22.84,-70.601,5.5
-23.045,-70.287,5.5
-23.059,-70.598,5.9
-22.643,-66.323,6.0
-23.104,-70.55,5.7
-21.185,-178.752,6.3
-21.968,173.486,6.0
43.542,-127.414,5.8
-22.791,-70.769,5.9
-6.907,155.672,6.0
-29.987,-177.942,5.9
-22.917,-70.483,6.1
-17.824,-173.225,5.7
-24.81,-68.472,5.8
-5.757,147.098,6.8
4.743,95.06,5.8
-4.63,151.869,5.9
-17.924,-174.683,5.5
-17.85,-174.768,5.6
-53.27,9.426,5.5
-23.77,-69.012,5.6
-16.116,-172.621,5.6
-2.808,101.162,5.9
-8.292,118.37,6.5
-2.238,100.413,6.0
-8.224,118.467,6.5
37.392,141.586,5.9
15.28,-93.363,5.7
18.654,-101.703,5.8
16.058,119.838,5.9
-10.95,162.149,6.6
-36.756,-97.404,6.3
14.944,-61.274,7.4
1.981,97.883,5.9
-6.374,148.463,5.9
-6.452,148.623,5.7
2.018,126.17,5.6
22.692,-45.113,5.8
12.263,125.386,5.9
29.935,141.003,5.9
-13.516,-76.656,5.6
-56.205,-139.294,5.5
-60.508,-52.382,5.8
-7.558,37.646,5.6
12.277,125.42,5.6
-25.996,-177.514,7.8
-3.568,144.439,5.7
-62.063,-65.835,5.9
52.102,-131.554,5.8
-23.157,-70.479,6.0
-23.202,-70.549,6.2
-15.213,-172.367,6.2
-52.008,161.2,5.5
-7.526,127.474,6.0
-6.622,131.09,6.4
-32.689,-71.695,5.9
-22.954,-70.182,6.7
51.36,-179.509,7.2
51.021,-179.349,5.6
51.345,-179.493,5.5
-6.952,155.778,5.9
51.301,-179.49,5.6
-32.713,-71.788,5.5
-39.011,178.291,6.6
39.417,33.212,5.7
-57.72,-141.447,5.6
51.244,-179.009,5.7
51.366,-178.979,6.3
-2.407,139.067,6.2
2.087,96.806,6.1
38.503,142.026,6.1
-19.445,-69.048,5.8
52.558,-168.221,6.4
-22.45,-68.627,5.5
39.446,33.162,5.6
52.267,-168.383,5.6
-13.618,166.566,5.6
-19.387,-173.991,5.6
52.21,-168.149,5.9
-19.454,-173.847,5.7
40.288,72.985,5.6
-5.878,146.884,6.3
-5.902,146.967,5.8
-2.782,101.032,6.0
14.129,-91.479,5.6
-22.82,-68.484,5.7
51.324,-130.39,5.7
51.254,-130.746,6.6
51.163,-130.542,6.4
-62.139,-155.695,5.7
37.216,22.693,6.2
-0.795,134.012,5.9
12.263,125.376,5.6
51.198,-179.6,5.6
-3.913,131.368,5.8
32.288,85.166,6.4
51.649,-131.183,6.1
43.785,-127.264,6.3
17.048,120.989,5.7
10.413,92.869,5.9
-21.984,-179.535,6.5
32.331,85.158,5.9
-20.963,-179.149,5.5
-35.017,-112.019,5.6
-44.92,166.98,5.5
2.346,126.816,6.1
-34.863,-111.851,5.8
-15.277,-175.348,6.0
-15.419,-175.589,6.1
1.011,97.442,6.2
32.349,85.262,5.5
14.278,-94.037,5.5
6.943,-82.383,5.9
-6.026,146.619,5.9
-58.735,-25.24,5.6
-7.302,127.688,6.2
-0.169,125.083,5.5
-6.132,129.65,5.8
-15.551,-175.07,5.5
-21.495,-179.352,6.0
-2.296,28.9,5.9
-56.272,-27.043,5.6
19.028,-66.902,5.5
-20.166,-70.037,6.3
-3.517,118.07,5.9
1.228,122.653,5.8
-22.539,-179.238,5.6
-7.582,116.819,5.7
10.671,-41.899,6.9
-0.236,125.084,6.0
-60.797,-25.586,6.6
-3.008,101.21,5.5
16.357,-94.304,6.5
-8.158,128.644,6.2
36.501,21.67,6.9
36.345,21.863,6.5
-61.294,154.249,5.7
-21.346,-68.385,6.1
2.768,95.964,7.4
-52.917,-46.492,5.5
-53.015,-46.542,5.6
36.288,21.775,6.2
77.079,18.571,6.1
41.1444,-114.8721,6.2
-2.146,138.962,5.6
-2.323,99.88,5.7
-2.511,99.962,5.6
-57.335,-23.433,6.8
-2.405,99.931,6.5
-2.486,99.972,7.2
-2.332,99.891,6.6
-2.245,99.808,6.7
-3.852,101.067,5.9
-34.625,-178.966,5.5
26.816,142.438,6.2
12.68,141.766,5.6
-35.074,-108.968,5.7
3.931,93.477,5.6
-20.256,-69.941,5.7
-35.379,-179.299,5.6
51.859,-179.313,5.8
-2.18,99.823,6.2
46.406,153.175,6.5
19.913,121.334,6.0
13.351,125.63,6.9
-4.467,101.452,5.6
52.239,-173.721,5.5
2.572,128.232,5.9
51.522,156.546,5.5
-28.337,-69.294,5.6
52.171,-169.481,5.6
-16.567,167.335,6.4
-16.489,167.183,6.3
-45.492,35.008,6.0
14.463,-93.462,5.7
26.988,142.599,6.0
2.708,94.596,6.0
42.412,-126.835,5.7
-54.324,-136.082,5.6
-29.252,-177.44,6.2
6.192,126.934,6.1
35.49,81.467,7.2
35.513,81.433,5.6
52.176,-178.716,6.2
-16.912,167.031,5.5
-20.043,-68.963,6.2
-56.712,-141.903,5.5
46.428,152.979,5.6
13.594,144.879,5.6
17.199,-84.835,5.6
34.758,25.345,5.6
-32.882,179.362,5.7
20.251,121.949,5.8
13.283,125.684,5.7
20.271,121.984,5.5
-41.055,42.525,5.5
2.855,95.296,6.3
-26.01,-177.929,5.5
-4.346,102.717,5.7
-4.879,69.239,5.7
-7.046,129.203,5.7
-15.281,-172.836,5.5
-19.965,168.452,5.8
12.59,143.788,5.5
-20.175,168.861,6.4
-20.185,168.905,6.3
-20.071,168.892,7.3
-19.997,168.874,6.3
-20.334,168.937,5.8
-19.934,168.496,5.5
-20.319,168.866,5.5
-26.289,178.178,5.5
16.099,144.958,5.5
16.174,144.885,5.5
-20.416,168.803,5.9
-20.392,168.839,6.1
-55.664,158.453,7.1
43.879,147.501,5.7
-14.506,67.075,5.5
43.648,-127.621,5.5
-56.022,-28.035,6.0
13.564,-90.599,6.1
-18.696,-175.959,5.7
51.856,-179.361,6.4
-18.609,-175.699,6.3
51.878,-179.165,6.6
0.829,126.081,5.7
39.028,140.005,5.8
15.885,144.878,5.5
-17.342,-179.022,6.3
-27.528,-176.58,5.8
-7.815,125.694,6.1
-20.273,168.796,6.3
-7.875,125.722,6.0
-7.85,125.685,5.6
-3.86,131.446,5.5
22.881,121.619,6.0
-20.059,168.72,5.7
-1.182,-23.471,6.5
-49.091,164.117,6.1
-35.464,-16.597,5.6
17.846,-100.171,5.8
-58.739,-24.714,6.1
-19.941,168.953,6.4
-20.238,168.824,6.1
41.452,142.03,5.8
-6.108,127.484,5.9
-19.471,168.878,5.7
51.864,-177.528,6.6
-6.64,155.091,5.8
-20.457,168.836,5.5
36.178,141.545,6.2
36.156,141.756,6.1
36.164,141.526,6.9
36.108,141.683,5.6
12.516,143.181,6.8
24.044,122.575,5.6
31.002,103.322,7.9
31.586,104.032,5.7
31.342,104.682,5.7
31.211,103.715,5.8
31.527,104.092,5.5
31.214,103.618,6.1
31.413,103.889,5.6
30.89,103.194,5.8
-56.771,-142.309,5.7
-57.911,-25.483,5.9
31.355,103.351,5.6
32.24,104.982,5.8
-3.202,101.409,5.7
-47.781,31.965,5.9
42.503,131.872,5.7
1.64,99.147,6.0
51.162,178.759,6.3
-44.451,-78.207,5.6
-3.181,101.475,5.7
-4.129,101.272,5.5
7.313,-34.897,6.5
-7.061,129.483,5.7
42.386,-30.515,5.5
-7.181,156.069,5.9
4.33,-73.764,5.9
32.56,105.423,6.1
56.087,-153.78,6.0
8.423,-82.968,5.6
-56.597,147.41,5.9
32.71,105.54,5.7
13.616,-91.02,5.7
64.005,-21.013,6.3
30.802,141.523,5.8
-54.744,0.987,5.7
-41.198,80.479,6.4
-28.919,-112.258,5.8
-54.816,0.979,5.5
20.124,121.35,6.3
-59.384,149.66,6.5
-15.223,-173.672,5.6
-10.509,161.273,6.2
-8.166,120.255,5.9
-8.125,120.265,5.8
-8.1,120.231,6.0
41.538,139.058,5.7
-38.844,-91.623,6.0
-38.871,-91.613,5.8
-7.495,127.885,6.0
35.883,-0.658,5.5
37.963,21.525,6.4
-18.098,167.88,5.9
-18.068,167.886,5.6
-33.401,179.911,5.5
-50.157,-114.169,5.9
39.03,140.881,6.9
38.882,140.678,5.5
-17.735,-179.733,5.9
-36.623,-107.45,6.0
5.008,-82.652,5.9
-4.932,151.754,5.5
-4.775,148.922,5.5
36.06,21.82,5.6
-8.865,157.804,5.8
67.698,141.276,6.1
46.482,153.267,5.6
1.324,97.158,5.5
1.344,97.191,5.7
-5.266,151.69,5.7
41.937,142.486,5.5
-20.768,-173.342,6.2
11.005,91.824,6.6
10.894,91.777,5.9
10.847,91.712,6.1
14.178,-92.718,5.5
35.658,88.307,5.5
45.156,137.446,6.0
-58.227,-22.099,7.0
-58.121,-21.882,5.6
-23.37,-179.778,6.2
10.281,-60.442,5.8
53.882,152.886,7.7
45.354,151.044,5.7
45.387,150.965,5.7
-16.428,-174.047,5.5
27.532,128.334,6.0
-15.986,-71.748,6.2
-2.943,147.821,5.7
21.023,121.132,5.5
21.014,121.149,6.2
2.177,96.518,5.6
35.8,27.86,6.4
-47.366,-12.17,5.7
-16.599,-172.963,5.7
-31.131,-178.506,5.5
44.367,-129.356,5.5
44.371,-129.417,5.7
37.552,142.214,7.0
-11.041,164.493,6.6
-11.043,164.531,5.5
-11.066,164.616,6.2
-17.337,-177.312,6.4
-3.792,150.896,5.5
27.773,139.615,5.8
37.186,142.051,6.0
39.802,141.464,6.8
32.752,105.498,5.5
50.967,157.584,6.2
32.747,105.542,5.7
51.279,178.982,5.9
-5.808,146.658,5.5
-0.253,-18.287,5.9
-10.606,163.162,5.9
-10.578,163.103,6.0
-54.727,-118.783,5.8
-59.644,-27.806,5.6
32.033,104.722,5.7
13.516,120.757,5.6
-16.314,178.163,5.5
49.852,156.38,5.8
-5.06,151.796,5.5
-5.916,130.195,6.3
32.756,105.494,6.0
-8.131,117.665,5.9
26.64,-111.0,5.5
52.19,-175.651,5.8
-9.139,-109.518,5.6
-3.942,101.076,5.8
-60.648,153.771,6.5
51.504,-178.441,5.5
-60.693,153.826,6.3
11.055,91.814,6.2
10.947,91.711,5.7
-1.02,-21.843,6.0
-11.432,166.23,5.9
-13.382,-111.281,5.7
83.55,114.516,5.7
-15.273,-177.765,5.5
7.292,-82.726,5.5
12.897,124.319,6.0
52.272,98.207,5.7
-52.873,-4.453,5.6
-8.201,-13.449,5.5
-28.545,-112.842,5.7
-14.915,-173.246,5.7
-15.087,-173.476,6.1
25.039,97.697,6.0
-17.769,65.394,6.0
10.307,125.252,5.8
-39.715,176.851,5.5
30.901,83.52,6.7
-6.338,104.469,5.7
-7.641,-74.377,6.4
51.607,104.158,6.3
-10.751,41.469,5.7
32.308,47.35,5.8
50.165,-129.628,5.9
-0.252,-17.358,6.3
-6.146,147.258,6.4
26.241,101.889,6.0
-61.233,-67.738,5.5
26.232,101.97,5.6
-25.387,-177.636,6.0
-15.261,-176.413,5.7
4.538,126.041,5.6
-26.736,-63.225,6.3
-12.143,167.101,5.7
-31.555,-177.806,5.8
-13.273,166.966,5.6
-1.171,-13.955,5.8
36.487,70.934,5.8
-19.964,169.108,6.2
-13.501,166.967,6.9
24.666,122.57,5.5
-9.272,158.261,5.9
-11.801,166.508,5.6
2.506,96.323,5.5
26.743,55.828,6.1
8.093,-38.705,6.6
-20.262,-69.224,5.7
1.885,127.363,6.6
41.892,143.754,6.8
-21.682,170.471,5.8
56.312,164.07,5.9
-3.78,128.956,5.6
4.79,-75.517,5.7
-8.728,126.855,5.6
-23.614,-177.329,5.5
0.902,-28.998,5.8
-8.779,126.844,5.7
-4.554,-105.999,6.0
51.94,158.363,5.9
-11.185,164.481,5.6
41.578,140.45,5.6
17.612,-105.497,6.4
30.836,83.487,6.0
3.074,65.316,5.7
13.469,120.575,5.7
13.477,120.548,5.9
71.325,-3.882,5.5
-29.756,-177.683,7.0
30.165,138.78,5.7
13.367,120.444,5.5
-23.019,169.861,5.8
-22.36,171.21,5.6
7.517,-36.758,5.7
7.561,-36.882,5.6
10.764,91.659,5.6
-59.34,-25.903,5.7
-38.885,-91.23,5.5
-30.184,-177.176,6.1
39.533,73.824,6.7
39.359,73.663,5.9
39.508,73.888,5.6
33.886,69.47,6.0
29.807,90.35,6.3
79.817,-115.448,5.7
29.757,90.328,5.5
-21.03,-174.42,5.9
-15.248,-173.515,5.6
43.372,46.254,5.8
19.161,-64.833,6.1
-29.821,-176.902,5.5
-20.123,-64.971,6.2
14.423,-92.364,6.7
14.256,-92.554,5.8
-6.951,147.269,5.7
-21.863,-173.819,6.9
-21.972,-173.7,5.6
0.109,120.681,5.9
-7.47,127.732,5.6
-18.414,-175.351,6.4
5.957,125.778,5.7
-2.635,145.574,6.3
-17.227,167.255,5.7
36.49,70.683,5.7
-0.141,123.015,5.6
-14.635,167.183,5.6
-3.494,145.867,6.0
30.639,67.351,6.4
-8.896,-108.395,5.7
30.598,67.455,6.4
46.425,153.213,5.5
-9.02,-108.246,6.1
-3.399,148.712,6.0
-6.676,129.227,5.8
-3.42,148.873,5.7
51.552,-174.366,6.1
-29.924,-176.956,5.7
1.145,97.253,5.7
-16.297,-176.325,5.6
-17.135,168.458,6.3
-17.321,-174.362,5.7
-29.855,-177.441,5.9
-14.829,168.032,6.4
-14.946,167.94,5.7
-14.924,168.12,5.5
-6.712,129.074,6.2
-15.223,-174.232,6.0
-15.218,-174.211,5.5
37.565,95.833,6.3
-55.961,-27.234,5.6
-56.92,-140.801,5.5
-53.794,8.727,5.9
13.05,-88.75,5.8
10.833,91.711,5.5
1.271,122.091,7.4
1.291,122.106,5.6
1.127,121.775,5.5
-5.659,128.799,5.6
79.648,-116.056,5.7
-18.897,169.48,5.5
8.267,-82.967,6.3
-22.168,-179.717,5.8
-8.947,159.553,6.1
-55.033,-129.565,5.6
-4.348,101.259,6.3
-22.523,171.199,6.4
-4.483,101.421,5.7
-22.441,171.238,5.7
-1.23,-13.933,6.3
-37.244,-95.065,5.7
-20.256,-175.574,5.5
-22.434,171.322,5.6
54.203,154.322,7.3
-30.244,-177.876,5.6
18.013,146.968,5.6
-22.901,-175.201,5.6
-17.801,167.588,5.5
-4.755,101.764,5.9
40.348,-126.978,5.9
-18.701,-177.716,6.0
18.024,146.994,5.6
19.108,145.75,5.9
38.589,142.878,5.8
-21.389,-68.288,5.5
38.529,143.003,5.5
-27.83,-176.628,5.7
-7.393,124.745,6.4
13.35,-44.826,5.6
13.415,-44.795,5.5
-53.005,106.823,6.3
-31.232,-176.924,6.8
-2.814,139.32,5.7
-15.929,168.173,6.1
-20.886,-178.855,5.7
30.442,67.404,5.7
-12.337,166.572,6.0
-3.649,100.753,5.7
0.063,123.433,5.9
-48.981,123.398,5.9
-14.103,166.572,5.6
-60.078,-18.762,5.5
-17.744,-178.371,5.8
-23.495,-179.996,5.6
-32.458,-71.726,6.2
-32.473,-72.051,6.0
47.006,-27.29,5.9
-32.458,-71.949,5.7
36.541,142.425,6.3
8.844,126.532,5.6
-2.769,138.996,5.5
-31.193,-13.338,5.8
36.541,142.317,5.9
-6.366,154.943,5.9
-17.29,-171.909,6.0
-18.339,176.779,5.5
5.752,125.377,6.3
49.128,-128.621,5.8
23.417,64.499,5.8
36.389,71.075,5.8
-4.297,101.217,5.9
-34.84,-107.647,5.8
-4.332,101.298,5.5
0.624,-26.661,5.6
0.791,-27.118,5.5
-0.414,132.885,7.7
-0.589,133.363,5.6
36.419,70.743,6.6
-0.325,132.885,5.6
-0.691,133.305,7.4
-0.694,133.275,5.5
-0.669,133.194,5.7
-0.395,132.757,5.9
36.442,70.883,5.7
23.808,-108.757,5.5
-0.659,133.434,6.0
-20.707,-179.224,5.6
-0.411,132.934,5.5
10.165,-84.197,6.1
10.437,56.962,5.7
-13.147,66.078,6.0
-22.352,170.635,6.7
-22.54,170.43,5.6
-10.334,161.211,5.7
46.857,155.154,7.4
-22.304,170.274,5.8
15.739,-92.744,5.8
-30.199,-177.951,6.4
-22.596,170.911,6.6
-22.477,170.806,6.0
-22.792,170.74,5.6
-4.667,129.814,5.5
-22.689,171.043,6.1
-5.912,148.511,6.1
-7.307,128.568,6.1
-28.25,-176.697,5.9
-19.584,-179.112,5.6
59.43,-152.887,5.8
-17.796,-178.591,5.8
51.955,-171.159,5.8
-0.352,98.184,5.7
-17.837,-178.677,5.9
55.536,164.298,5.5
-0.262,98.28,5.7
-8.936,124.157,5.7
-16.973,-172.068,5.5
-8.108,-71.402,5.6
-15.385,-174.473,5.7
-19.41,-69.065,5.5
36.719,141.148,5.7
-13.582,-76.558,6.0
-6.116,147.824,5.6
-6.567,-81.15,6.0
-20.775,-177.298,5.5
-16.221,178.329,5.7
3.886,126.387,7.2
3.615,126.606,5.5
3.875,126.643,5.5
3.892,126.533,5.6
4.026,126.783,6.0
3.826,126.482,5.5
3.961,126.658,5.5
3.715,126.65,5.9
3.933,126.58,5.5
4.042,126.798,5.6
3.947,126.411,6.0
3.706,126.793,5.6
3.972,126.724,6.0
4.036,126.548,6.3
3.979,126.483,5.7
-31.232,-178.111,5.8
3.754,126.683,5.6
40.239,142.236,5.7
-5.854,-80.891,6.1
37.13,20.78,5.5
-30.724,-178.617,6.0
-52.966,20.909,5.9
-61.706,154.752,5.6
-27.424,-176.33,7.0
-18.365,-178.749,5.6
34.203,73.9,5.5
28.875,130.864,5.5
-0.397,132.67,5.5
3.679,126.561,6.0
13.787,146.303,5.9
1.425,97.165,5.6
-23.18,170.557,5.7
-41.887,88.634,5.5
19.017,121.265,5.5
-7.467,127.772,5.5
42.61,142.104,5.5
-60.525,-24.796,6.3
-21.762,-176.58,5.5
-1.105,119.868,5.6
-17.512,-179.056,5.9
80.284,-1.832,5.5
-15.156,-173.309,5.8
80.324,-1.853,6.5
-24.618,-176.362,5.5
-1.878,139.119,5.5
8.504,-83.219,5.9
8.493,-83.206,5.9
-60.861,-23.81,5.5
5.686,-82.767,6.3
2.429,-95.124,5.8
-14.452,-70.365,5.7
-15.416,-173.218,5.5
-55.144,-129.7,5.9
3.807,126.552,6.3
3.597,126.7,5.7
3.648,126.655,5.5
-23.043,-174.66,7.6
-21.48,-179.38,5.5
9.796,57.819,5.5
-5.141,151.823,5.8
-23.665,-175.776,5.5
-27.462,73.303,5.7
-5.72,-81.338,5.8
27.415,126.702,5.9
-2.952,139.543,6.0
56.546,-152.743,6.0
51.535,-178.258,5.7
51.526,-178.267,5.8
18.313,145.716,5.5
-3.522,144.102,6.4
-5.963,101.907,5.6
-8.01,130.229,5.6
-27.842,-66.593,5.7
5.149,127.201,6.3
-62.599,155.117,5.9
-22.515,-174.656,5.5
-55.976,-27.727,5.5
32.007,131.417,5.8
-5.259,68.554,5.6
42.334,13.334,6.3
-22.384,-174.938,5.6
46.049,151.548,6.9
42.275,13.464,5.5
-58.096,-6.263,5.6
-6.822,125.093,5.6
48.837,154.883,5.5
-16.308,-177.732,5.9
12.348,58.071,5.7
-3.079,100.424,5.7
-3.115,100.471,6.3
-6.484,154.151,5.8
-60.203,-26.858,6.7
-3.327,100.317,5.5
-19.584,-70.483,6.1
46.168,151.704,5.7
-28.915,-177.445,5.8
-20.613,-178.482,5.7
46.015,151.427,6.6
4.136,126.678,6.1
-4.168,129.729,5.6
-15.165,-173.724,5.6
-19.772,169.939,5.8
50.833,155.009,6.2
-4.23,129.664,5.7
-10.796,166.028,5.7
4.416,126.815,5.5
-30.3,-178.582,6.1
17.032,-99.446,5.8
52.666,-35.028,5.6
-10.77,162.219,5.9
54.531,-161.52,5.6
14.546,-91.143,6.3
-3.541,135.5,5.5
10.2,-67.01,5.5
-55.713,-124.577,5.5
1.393,-85.169,6.1
-5.664,149.543,6.1
13.082,145.412,5.5
-12.429,65.138,5.8
4.431,126.931,5.7
-15.75,-173.49,5.8
-31.553,-178.833,6.5
56.45,-152.426,5.9
-16.825,-173.491,5.6
82.517,-8.628,5.5
-15.658,-74.838,5.8
25.291,37.74,5.7
7.894,126.899,5.7
13.875,-90.742,5.5
18.114,-98.457,5.6
-24.381,178.846,5.5
-31.475,-177.683,6.0
-42.081,88.349,5.6
-4.05,-103.969,5.6
-62.316,165.062,5.5
-21.011,-177.017,5.5
16.731,-86.217,7.3
18.374,-106.535,5.5
-17.026,168.329,5.7
5.927,125.776,5.7
-60.424,-26.111,5.5
-17.757,167.949,6.3
-17.761,167.857,5.7
-17.777,167.885,5.5
-62.834,-158.432,5.5
-50.012,120.592,5.7
19.553,-109.165,5.6
-17.735,167.762,5.6
-45.833,35.139,6.0
41.824,143.445,6.4
-35.418,-104.398,5.7
-17.429,167.721,5.7
35.483,140.914,5.8
23.864,-46.105,6.0
-22.037,-179.583,5.5
-22.234,-179.613,5.5
-22.685,171.469,5.5
-55.061,-126.655,5.6
-41.716,-83.995,5.7
-24.195,-176.87,5.5
-17.611,167.812,6.0
-7.686,117.2,5.5
5.361,126.438,6.1
-54.366,5.871,6.1
51.606,-175.234,5.6
35.358,28.453,5.8
14.076,145.19,5.5
61.939,-150.704,5.5
51.277,-178.201,5.7
38.85,142.389,5.6
-5.157,153.782,6.7
-33.201,-15.935,5.6
1.381,122.204,5.7
34.164,25.471,6.4
1.052,125.963,5.8
25.131,-109.754,6.0
9.59,-78.966,6.1
11.383,-86.496,5.5
50.435,176.992,6.1
24.874,128.03,5.7
-26.74,67.478,5.7
75.351,-72.453,6.1
-36.004,-102.686,6.0
25.632,101.095,5.7
21.952,144.722,5.5
-15.041,-70.445,6.1
-9.139,119.32,5.9
24.056,122.201,6.3
-21.822,-67.087,5.7
-45.762,166.562,7.8
-46.036,165.937,5.7
-3.375,150.506,6.1
-17.534,167.721,5.8
-46.196,166.13,5.7
5.008,126.511,5.6
-21.773,-175.075,5.7
2.301,126.94,5.5
31.158,85.902,5.8
-6.492,154.973,5.9
59.29,-143.662,5.6
-29.774,-177.693,5.6
-17.755,168.089,5.8
-4.811,102.895,5.7
-5.497,101.705,5.6
22.572,143.263,5.5
-5.133,152.629,5.5
-20.849,-174.256,5.8
-56.504,-143.181,5.7
-56.234,-124.296,6.1
-0.447,132.908,6.1
28.904,-112.997,5.5
29.039,-112.903,6.9
29.31,-113.728,6.2
24.233,125.095,6.1
-45.554,166.356,6.1
29.615,-113.789,5.8
-16.148,-177.756,5.6
-22.66,179.112,5.5
-4.62,153.187,5.5
33.167,137.944,7.1
-11.612,166.09,6.6
-3.131,143.198,5.7
14.099,92.902,7.5
34.743,138.264,6.2
24.323,94.793,5.5
-57.66,-25.25,5.5
-27.893,-66.672,5.5
6.04,126.376,5.7
32.821,140.395,6.6
-26.76,-114.261,5.5
14.052,92.821,5.9
7.948,-85.633,5.8
-21.662,-174.565,5.6
-13.912,166.682,5.8
18.183,-100.366,5.5
-19.826,-178.239,5.6
-1.479,99.49,6.7
-1.448,99.433,5.8
-17.936,-179.399,5.5
23.501,123.499,6.7
23.426,123.516,6.1
23.418,123.711,5.7
-0.911,97.95,5.9
-6.633,154.568,5.6
-26.064,-178.391,6.3
-1.366,99.371,5.5
72.2,0.944,6.0
-22.539,171.239,5.7
2.483,127.077,5.5
45.502,153.73,5.5
-7.146,123.427,6.9
37.696,95.718,6.3
37.646,95.709,5.6
37.679,95.767,5.6
-15.223,-172.571,6.6
37.606,95.831,5.8
-7.782,107.297,7.0
-7.817,107.393,5.5
-29.395,-178.956,6.2
31.14,130.014,6.2
24.332,94.669,5.9
-15.121,-70.248,5.8
41.483,20.388,5.5
-10.198,110.628,6.2
42.66,43.443,6.0
1.118,120.897,5.8
2.408,126.012,5.7
48.317,154.192,6.0
-29.926,-111.824,5.5
48.294,154.23,5.6
10.709,-67.927,6.4
-29.144,-112.267,6.2
12.616,120.429,5.9
6.513,124.715,5.7
1.755,127.189,5.8
19.269,-108.481,5.6
-9.138,115.593,5.7
71.037,-7.67,5.6
27.332,91.437,6.1
20.404,94.793,5.7
-3.775,141.958,5.6
-6.13,154.706,5.6
-52.963,159.911,6.0
18.829,-107.339,6.4
-6.372,130.217,5.6
27.927,127.821,5.8
-15.489,-172.095,8.1
-15.355,-173.159,6.0
-15.817,-173.126,5.6
-15.557,-172.015,5.6
-15.941,-171.661,5.6
-16.206,-172.976,5.8
-16.125,-173.263,5.7
-15.358,-173.239,5.5
-15.606,-173.372,5.5
-15.832,-172.551,6.0
4.919,126.711,5.5
-0.72,99.867,7.6
-23.031,169.561,5.5
-15.551,-69.293,5.9
-2.482,101.524,6.6
-15.387,-173.252,5.8
-17.215,-172.782,5.5
-12.25,166.511,5.5
-16.335,-173.471,6.1
-16.246,-173.468,5.5
-17.017,174.505,6.0
-16.911,-172.965,5.5
23.63,121.452,6.1
-0.468,132.974,5.5
-16.231,-173.24,5.5
6.74,123.378,6.6
6.683,123.529,5.6
-16.352,-173.255,5.5
-4.533,-104.912,5.7
18.796,-107.527,5.5
52.157,178.052,5.7
81.572,119.533,5.8
4.079,122.371,6.8
-13.006,166.51,7.7
-12.622,166.352,5.8
-12.517,166.382,7.8
-12.097,166.641,5.6
-11.507,166.03,5.5
-12.39,166.086,6.8
-13.093,166.497,7.4
-12.564,165.957,5.5
-13.538,166.399,5.7
-13.235,166.356,5.8
-11.898,165.96,5.9
-11.66,166.177,5.8
-13.298,165.91,6.8
-12.237,166.489,6.0
-11.263,165.819,6.1
-12.912,166.314,6.0
-12.4,166.696,5.7
-13.232,166.282,5.6
-11.715,165.978,5.6
-13.357,166.503,5.6
-9.027,157.959,5.6
-14.117,166.691,5.8
-24.941,-70.684,5.6
-15.66,-173.063,5.9
47.851,152.455,6.0
-22.0,170.248,6.0
-13.003,166.116,5.7
-17.099,66.688,6.2
-12.414,166.498,6.2
-11.682,166.348,5.5
-14.075,166.253,5.7
52.754,-166.997,6.5
44.578,149.129,5.7
2.93,128.232,6.0
52.604,-167.118,6.4
-14.91,-174.823,6.3
52.853,-166.75,5.5
1.111,-85.322,5.5
-3.058,139.539,6.0
3.272,-103.823,6.0
-3.615,123.16,5.7
-6.534,105.223,6.1
-16.365,-171.987,5.7
-13.015,166.417,5.6
-3.651,123.203,5.6
-3.629,123.247,5.5
13.704,120.655,5.7
-15.437,-172.976,5.8
-15.36,-172.264,6.0
6.729,-82.579,6.0
36.517,70.95,6.2
-0.844,134.133,5.8
-12.196,166.047,6.0
-6.133,130.385,6.9
-9.896,118.793,5.6
-23.091,-179.205,6.0
29.566,63.879,5.6
-59.955,-65.163,6.0
-15.794,-173.388,5.5
18.911,-95.538,5.7
36.391,70.722,6.2
29.218,129.782,6.8
-11.376,166.376,5.9
-15.505,-173.753,5.8
-24.121,-175.173,6.2
37.504,20.491,5.8
7.089,126.575,5.5
36.155,-33.878,5.9
12.108,45.907,5.6
23.731,120.744,5.6
-52.292,160.703,6.0
-23.436,-64.465,5.5
29.49,86.008,5.5
-16.008,167.993,5.5
-8.207,118.631,6.6
6.7,60.263,5.6
-43.462,39.613,5.5
-17.239,178.331,7.3
-4.466,144.31,5.7
8.082,91.899,6.0
9.358,125.531,5.7
-20.979,-178.662,5.8
-19.394,-70.321,6.5
-17.917,-64.095,5.8
-12.201,166.245,5.6
-22.965,-66.641,6.2
52.123,-131.395,6.6
52.102,-131.572,5.8
-53.965,6.484,5.5
-0.18,-18.002,5.5
-17.794,-178.425,6.4
-39.634,-74.967,5.9
-31.569,179.467,6.2
18.083,-105.597,5.6
-12.616,166.251,5.7
-20.708,-174.035,6.8
-20.693,-174.01,5.6
13.514,-89.907,5.9
-10.403,118.885,6.0
-29.216,-177.018,6.0
5.326,126.288,6.1
0.415,126.083,5.5
5.345,126.254,5.7
-17.077,167.643,5.6
12.189,125.552,5.5
-56.476,-122.321,6.0
-10.126,33.87,5.8
-9.948,33.878,5.9
-54.709,-135.814,5.6
-22.15,170.963,6.4
-0.642,-21.072,6.4
2.759,95.91,6.0
53.417,152.756,6.3
-21.056,-174.448,5.6
-9.942,33.911,5.5
48.827,156.19,5.6
-10.028,123.661,5.5
-5.958,154.444,6.0
-55.488,-26.898,5.5
-31.59,-177.84,5.5
36.463,-9.9,5.6
42.447,-30.565,5.5
51.398,179.963,5.8
-17.73,65.867,5.8
23.796,121.605,6.4
2.675,96.062,5.5
-10.108,33.818,6.0
-1.434,99.393,6.0
-6.813,125.676,5.7
42.126,135.008,5.7
42.245,134.719,6.3
-15.766,-73.978,5.6
-15.963,-173.059,5.6
6.482,126.369,5.6
-5.53,131.205,6.1
-17.299,-176.941,5.6
-3.102,139.653,5.7
24.357,94.807,5.6
6.52,126.341,5.5
32.464,-115.1891667,5.8
-2.008,137.452,5.6
-59.401,-150.975,6.0
-59.395,-151.034,5.6
27.319,91.51,5.5
12.424,141.949,6.1
-5.297,145.859,5.8
-8.802,-77.718,5.7
-8.726,157.487,6.6
-8.783,157.354,7.1
-8.917,157.606,5.6
-8.375,157.087,5.8
-58.173,-14.695,6.8
-9.019,157.551,6.8
-9.05,157.892,6.0
-8.89,158.032,5.7
-49.789,164.192,5.7
-41.605,-16.568,5.6
-4.405,151.746,5.6
-53.516,159.28,5.6
-9.131,157.626,6.2
40.652,-124.6925,6.5
-5.417,133.731,5.5
18.443,-72.571,7.0
18.387,-72.784,6.0
18.452,-72.513,5.7
18.42,-72.861,5.6
18.404,-72.826,5.6
18.367,-72.903,5.8
-15.656,-174.799,5.5
-0.687,133.33,5.8
11.51,142.082,5.8
-11.964,166.264,5.5
-31.728,-177.612,5.9
26.746,126.285,5.7
10.454,-63.475,5.6
51.711,177.706,5.5
37.938,143.599,5.6
-6.122,152.587,5.7
-57.664,-65.879,6.3
46.482,153.262,5.6
13.728,-90.132,5.9
38.404,21.961,5.5
-12.484,166.293,5.7
-8.997,158.071,5.6
19.004,-80.804,5.9
18.423,-72.823,5.9
13.551,125.46,5.5
8.268,-110.357,5.6
-8.205,129.029,5.5
-9.18,157.756,5.5
-18.513,167.897,5.6
30.964,130.888,5.5
-18.599,-173.696,5.6
-8.498,-74.466,5.9
-14.1,-14.554,5.8
13.639,125.486,5.9
-23.357,-66.712,5.9
-18.948,169.665,5.8
1.634,-90.281,5.5
1.585,-90.602,5.6
-57.638,-141.462,5.6
-6.112,154.463,6.2
-19.434,-173.857,5.6
40.4123333,-124.9613333,5.88
-47.911,99.593,6.2
46.836,152.731,6.0
-16.004,-172.737,5.5
23.488,123.615,6.3
-23.225,-66.564,5.6
-23.319,-179.877,5.9
-23.335,-179.877,5.6
15.893,-96.861,5.7
-15.053,-173.492,6.1
-7.048,154.855,5.5
-40.593,-16.769,5.5
-9.905,113.845,5.8
34.0,25.393,5.5
-33.622,-68.789,5.8
-21.902,-174.767,6.1
-7.217,128.723,6.2
-29.756,-177.836,5.9
42.587,130.703,6.9
-21.84,-175.115,5.8
-13.507,166.806,5.5
-21.511,-173.778,5.7
-23.626,-176.036,6.0
-23.738,-175.917,5.6
-23.66,-175.915,5.5
15.967,-91.26,5.6
11.176,-86.126,5.7
-55.758,-4.758,5.6
23.784,122.816,5.5
6.484,126.802,5.7
25.93,128.425,7.0
-36.122,-72.898,8.8
-54.027,-133.64,5.6
-33.655,-72.033,5.6
-31.663,-69.141,6.0
-34.867,-72.614,6.2
-34.35,-72.197,5.6
-33.912,-72.107,5.8
-33.878,-71.943,6.0
-36.924,-73.594,5.6
-38.032,-73.393,5.6
-33.821,-72.132,5.5
-36.869,-72.673,6.0
-35.133,-72.176,5.5
-37.773,-75.048,7.4
-33.304,-71.579,5.6
-34.749,-72.427,6.1
-34.872,-72.433,5.7
-33.027,-72.439,5.5
-38.495,-75.326,5.6
-33.443,-71.525,5.6
-38.16,-73.652,5.8
-33.717,-72.163,5.6
-37.878,-73.545,6.0
-33.281,-71.955,6.0
-38.191,-73.694,5.9
-34.373,-73.965,5.5
-36.129,-73.257,5.5
-24.872,-65.602,6.3
-37.78,-73.348,5.5
-33.99,-71.805,5.5
-36.354,-73.208,6.1
-36.521,-73.051,5.5
-37.516,-73.55,5.6
-37.581,-73.699,5.7
-33.422,-71.828,6.2
10.84,-43.406,5.8
-37.695,-72.832,5.9
-34.7,-71.827,6.0
35.94,70.074,5.7
-34.163,-71.952,5.9
34.832,141.468,5.6
-34.903,-71.617,6.2
-38.099,-73.68,5.9
-35.039,-72.487,5.7
18.182,122.399,5.8
-36.675,-73.301,5.5
-34.267,-72.171,5.6
-36.61,-73.36,6.1
-33.412,-71.868,5.8
22.918,120.795,6.3
-33.216,-72.125,6.0
-13.571,167.227,6.5
-22.227,-68.328,6.3
-36.631,-73.223,6.1
-36.665,-73.374,6.6
-3.762,100.991,6.8
-13.141,166.687,5.5
44.174,147.647,5.7
-16.236,-115.296,6.3
-37.99,-73.3,5.9
38.864,39.986,6.1
38.709,40.051,5.6
19.348,144.743,6.1
-25.712,-66.617,5.8
51.489,-173.531,5.8
-33.562,-72.298,5.6
-57.285,-27.931,5.6
-34.29,-71.891,6.9
-34.326,-71.799,7.0
-34.614,-71.99,5.6
-34.47,-72.004,6.0
-34.381,-71.979,5.6
-34.233,-71.917,5.8
23.062,94.623,5.5
2.192,133.02,5.9
-37.551,-73.465,5.8
37.594,141.299,5.6
1.323,97.171,5.8
-1.692,128.135,6.4
37.745,141.59,6.5
-38.502,-73.653,5.5
-38.526,-73.534,5.6
-2.746,83.703,5.8
-58.417,-23.567,5.6
-35.802,-73.158,6.2
-36.217,-73.257,6.7
-36.405,-73.074,5.9
52.139,142.204,5.8
-48.733,164.672,5.6
-23.318,-177.177,5.6
-35.541,-73.475,5.5
-3.361,152.245,6.6
19.674,-75.331,5.6
-36.344,-73.164,5.5
18.451,120.742,5.9
32.509,92.708,5.7
13.827,120.071,6.0
-6.326,130.284,5.7
-27.953,-70.821,6.3
-55.139,-128.373,5.7
-35.387,-73.385,6.0
-35.406,-72.897,5.6
43.308,138.379,5.7
13.667,92.831,6.6
-61.203,153.875,5.6
-36.227,-72.878,6.0
-17.194,-177.059,5.6
32.2861667,-115.2953333,7.2
32.0986667,-115.0481667,5.7
-0.183,125.009,6.2
-19.86,-68.842,5.8
2.383,97.048,7.8
-3.76,141.943,6.0
-28.559,-68.124,5.8
-41.081,-89.894,5.8
-25.68,-70.667,5.5
-20.114,-176.223,6.0
-12.973,166.523,5.8
-10.878,161.116,6.9
36.965,-3.542,6.3
-56.919,147.516,5.7
-56.331,-27.311,5.5
33.165,96.548,6.9
33.195,96.449,6.1
-13.451,-112.167,5.6
54.485,-161.039,5.7
-37.46,-73.732,5.7
-37.42,-73.669,5.7
11.678,-86.813,5.5
-6.669,147.291,6.2
-37.159,-73.753,5.6
14.514,-91.987,5.6
35.633,67.658,5.6
-15.271,-173.219,6.1
-37.529,-72.969,6.0
-1.912,128.122,6.0
-55.606,-27.73,5.6
22.18,123.623,6.5
-50.175,114.702,5.6
-51.021,139.394,5.8
60.473,-177.877,6.5
60.478,-177.65,6.3
-34.228,-71.877,5.9
29.645,140.951,6.1
52.612,-163.691,5.5
-38.072,-73.454,6.3
-35.949,-103.058,5.9
-4.054,101.096,6.5
-6.245,154.854,5.7
-18.058,-70.547,6.2
-55.725,-127.942,5.8
3.559,127.982,5.6
44.362,-129.467,5.5
-8.085,118.259,5.9
-0.732,122.485,5.7
3.748,96.018,7.2
-23.59,-176.646,5.7
0.511,124.657,5.8
18.4,-67.07,5.8
-5.083,-77.541,6.0
-54.8,-135.252,6.0
-54.843,-135.398,6.0
-56.87,-143.132,5.6
-39.063,-92.159,5.9
9.247,-84.302,5.9
-56.236,-139.157,5.7
-13.928,-74.352,6.1
-8.087,-71.558,6.5
-65.425,179.875,5.5
35.336,-35.924,6.3
25.773,129.944,6.5
-13.698,166.643,7.2
-13.884,166.73,5.6
-13.658,166.745,6.1
-14.048,166.606,5.8
33.165,96.07,5.8
6.948,124.025,6.0
11.132,93.471,6.5
9.331,-84.206,6.0
-36.819,-73.505,5.6
-17.876,169.103,5.7
-57.369,-26.446,5.9
-6.159,149.413,5.9
-13.731,166.594,5.6
70.712,-14.384,5.6
33.335,96.15,5.5
43.426,146.773,5.5
-18.597,169.485,6.0
7.363,126.905,5.6
-37.314,51.95,5.8
26.688,142.503,5.7
26.712,142.688,5.5
7.881,91.936,7.5
37.372,141.625,5.9
32.705,-115.9113333,5.72
-10.26,161.433,5.6
-2.386,136.635,6.2
-2.174,136.543,7.0
-2.329,136.484,6.6
-33.168,179.719,6.0
44.448,148.689,6.2
13.197,93.087,5.9
-36.129,-100.176,5.6
-19.201,-177.553,5.8
7.696,91.958,5.5
-5.514,151.161,6.1
-10.627,161.447,6.7
-8.07,108.089,5.9
-37.91,-75.038,5.6
30.672,141.593,5.8
-8.947,160.863,5.8
-37.836,-73.278,5.5
48.273,154.276,5.5
-23.307,179.116,6.4
16.396,-97.782,6.3
-5.171,129.385,5.8
-13.643,166.485,6.3
-8.469,-80.471,5.7
39.697,142.369,6.3
-6.169,154.424,5.9
-24.007,-179.788,5.8
14.006,145.026,5.6
11.143,145.999,6.3
-7.863,158.709,5.7
-22.146,-68.216,6.3
-2.433,138.795,5.7
-38.067,-73.31,6.6
51.811,-176.113,5.6
-38.224,-73.23,5.8
-24.715,-69.817,5.5
-15.661,-175.223,5.6
52.876,-169.848,6.7
-5.966,150.428,6.9
-5.931,150.59,7.3
52.815,-169.719,6.0
52.655,-169.333,5.7
52.717,-169.561,5.5
-29.031,-13.096,5.8
-5.902,150.712,6.3
27.022,53.861,5.8
-6.015,150.696,5.6
-22.775,171.759,5.5
3.039,128.222,6.1
-15.132,168.162,6.1
6.718,123.409,7.3
6.684,123.571,5.5
6.497,123.48,7.6
6.545,123.431,5.8
7.319,123.765,5.8
6.776,123.259,7.5
6.218,123.519,6.6
-15.069,-173.548,5.9
49.703,154.637,5.6
-3.832,141.4,5.6
-24.053,-66.825,5.6
-7.318,126.393,5.5
52.667,-169.408,5.6
6.548,123.222,6.6
52.498,159.843,6.3
-61.348,154.209,5.5
2.094,126.583,5.5
35.221,59.317,5.5
-0.763,-16.025,5.5
7.103,-34.206,5.8
1.239,126.213,6.3
-22.562,171.502,5.6
-26.916,-177.245,6.0
-5.486,146.822,6.5
-21.842,-175.039,5.5
51.423,-178.649,6.4
-5.746,150.765,7.0
45.98,153.175,6.0
-37.443,-73.281,5.9
-21.763,-179.451,5.5
51.343,-178.571,5.5
-17.541,168.069,7.3
39.406,143.148,5.9
-14.46,167.345,5.9
-17.403,167.814,5.9
-17.988,167.781,5.5
-17.423,167.798,5.5
-1.266,-77.306,7.1
36.877,-32.874,5.5
12.487,141.474,6.9
-3.09,139.77,5.6
12.348,141.487,6.2
12.412,141.634,5.7
12.307,141.461,5.6
12.303,141.566,5.6
12.273,141.429,6.6
53.557,160.121,5.5
-22.043,-179.742,5.5
-5.692,148.342,6.3
-17.759,65.647,6.3
-20.799,-178.826,6.2
12.234,141.514,6.3
14.03,-91.121,5.5
-6.57,154.246,6.1
2.221,96.717,5.9
19.441,147.374,5.6
37.24,19.95,5.5
12.805,143.558,5.5
18.795,-107.193,6.2
35.49,54.47,5.8
18.72,-107.097,5.5
-55.8,-26.991,5.5
-6.133,149.961,5.5
-13.941,65.93,5.7
51.451,-175.87,6.5
-43.522,171.83,7.0
-3.65,101.961,5.6
-2.475,138.47,5.5
-17.368,-173.999,6.1
-59.075,-25.494,5.5
-23.825,179.975,5.6
-18.314,-175.205,5.5
-10.965,162.173,5.7
-6.917,103.461,5.5
-14.396,-176.243,5.5
-15.879,-179.306,6.3
-53.136,-118.171,5.5
-20.581,169.928,5.6
-20.671,169.818,6.3
44.588,149.724,5.5
-37.034,-73.412,6.2
-1.068,129.24,5.8
7.788,94.057,5.8
41.497,141.986,5.8
-14.612,-70.777,5.9
21.487,-105.93,5.6
-16.031,-173.96,5.8
36.443,70.774,6.3
-13.39,-76.073,5.7
52.233,179.754,5.6
-5.826,151.544,5.6
-7.809,-74.373,5.5
62.854,-149.512,5.5
-5.573,146.462,5.6
-5.314,133.917,6.0
52.438,179.732,5.8
57.688,-32.762,5.5
29.637,51.666,5.9
37.257,139.883,5.5
-4.909,133.712,6.2
-4.963,133.76,7.0
-36.249,-74.256,5.8
-4.949,133.846,5.5
-0.307,133.498,5.6
19.706,121.472,5.8
-6.559,128.751,5.5
-47.287,100.249,5.5
19.354,122.157,5.5
24.27,125.154,6.3
-17.818,-173.989,5.7
51.374,-175.361,6.4
51.287,-175.18,6.0
51.334,-175.203,5.7
2.831,128.217,6.2
10.211,-84.293,5.8
51.44,-175.248,5.5
-4.915,133.71,5.9
-20.457,-174.205,5.9
-20.425,-174.065,5.9
42.311,142.871,5.6
-20.46,-173.916,5.6
-7.366,125.699,5.9
-20.414,-173.846,5.9
24.54,-109.098,5.9
24.466,-109.144,5.9
24.471,-109.026,5.8
-34.737,-73.726,5.9
-6.125,150.869,5.5
24.696,-109.156,6.7
-20.878,-68.372,5.8
-29.593,-71.112,5.6
-56.7,-141.952,5.8
-37.743,-73.362,5.5
-0.071,125.059,5.8
-3.487,100.082,7.8
-2.958,100.372,6.3
-2.963,100.504,5.7
-3.301,100.463,5.9
-41.494,-85.758,5.6
23.084,-108.454,5.6
-5.51,153.744,5.8
-56.586,-142.292,6.4
-6.385,150.161,5.8
-6.37,150.22,5.5
16.738,-93.793,5.6
-5.355,151.556,5.8
47.092,146.747,5.5
-19.19,168.56,5.5
43.76,20.73,5.5
-4.617,134.071,6.0
-20.466,-174.28,6.1
51.236,-176.5,5.5
12.736,123.054,5.8
24.383,141.588,5.6
-45.464,96.394,6.5
14.923,119.868,5.5
5.946,-82.571,5.7
-6.276,154.74,5.6
-6.553,130.035,5.5
-35.958,-102.21,5.8
11.984,43.963,5.5
11.865,43.716,5.5
-1.99,139.017,5.9
-3.005,68.125,5.5
-7.797,129.446,5.9
1.181,100.119,5.7
-54.967,-131.479,6.0
23.827,121.658,5.6
-33.625,-178.918,5.9
-5.959,148.966,6.1
28.063,52.564,5.5
-3.369,131.014,5.8
10.293,-43.128,5.7
3.862,128.071,5.7
28.349,139.187,6.8
52.215,-169.506,5.5
48.922,154.918,5.7
2.689,99.041,5.6
-15.888,-178.956,6.1
-6.001,149.977,6.6
-36.231,-100.826,5.9
40.904,142.967,5.7
-57.932,-7.474,5.9
-58.019,-7.503,5.7
54.356,169.128,5.8
-56.412,-25.741,6.3
7.481,126.505,5.9
39.358,72.86,5.5
-6.686,129.898,5.5
23.863,-45.733,5.5
-21.811,-179.353,5.6
-28.098,-177.106,5.6
-6.534,155.647,6.2
-6.259,104.008,5.7
-7.268,128.786,6.0
-6.48,129.996,5.5
10.409,126.156,5.6
-14.131,-173.306,5.9
10.171,-103.977,5.9
12.995,-88.64,5.7
28.412,59.18,6.7
-8.7,111.197,5.6
2.715,95.893,5.8
26.901,143.698,7.4
27.08,143.215,5.5
27.081,143.308,5.5
27.096,143.236,5.6
26.669,143.535,5.6
26.81,143.595,6.4
53.127,171.161,6.4
-19.908,168.596,5.6
-7.999,119.951,5.5
-63.592,-167.354,5.9
-19.702,167.947,7.3
-19.307,168.002,5.5
51.115,-176.162,5.6
-19.616,168.284,6.0
-19.636,168.261,5.5
-50.811,139.375,5.6
-19.311,167.96,5.5
-23.407,-179.802,6.3
-19.661,168.14,6.4
-19.701,168.123,5.5
51.626,177.378,5.5
-10.819,165.376,5.6
0.663,-26.045,5.5
-26.803,-63.136,7.0
-4.458,101.428,5.7
-38.355,-73.326,7.2
-59.791,149.897,5.6
31.545,142.177,5.6
-22.26,171.631,6.1
20.114,-45.617,5.5
4.243,90.414,5.5
-0.026,124.913,5.6
-19.155,168.312,6.5
-19.336,168.435,5.7
-19.296,168.407,5.5
-19.201,168.155,6.1
-19.297,168.009,5.5
-19.553,-176.032,5.6
-35.594,-73.064,5.9
23.083,143.166,5.6
-13.265,167.208,5.5
26.973,139.882,6.4
-36.92,179.46,5.5
-20.628,168.471,7.0
-20.606,168.399,5.9
-14.589,167.285,5.8
2.491,96.28,5.7
-5.65,130.252,5.7
-5.03,102.647,6.0
2.632,96.404,5.9
28.777,63.951,7.2
2.903,95.516,5.6
-20.335,-176.292,5.9
-19.204,-173.51,5.7
38.413,72.791,6.0
2.205,96.829,6.1
-11.013,166.303,5.7
-15.562,-173.117,5.6
-11.656,166.356,5.5
28.195,59.015,6.2
-38.502,175.996,5.6
70.931,-6.657,6.2
-62.964,-164.221,5.5
21.613,142.956,5.5
-22.009,-175.622,6.0
10.622,94.109,5.6
54.974,-160.465,5.9
-15.511,-173.068,5.9
24.618,94.68,6.2
-14.188,166.459,5.9
-37.621,-73.448,5.8
-8.283,104.067,5.6
-7.154,155.184,6.4
4.195,122.974,6.5
4.077,123.039,6.6
-36.422,-72.96,6.9
-37.196,-73.198,5.9
-37.027,-72.954,6.1
0.079,-17.018,5.7
-31.241,-177.809,5.6
1.993,126.833,5.6
-20.879,-175.672,6.1
-36.565,-73.178,5.8
-36.649,-73.176,6.0
-36.557,-73.275,5.5
-35.38,-72.834,6.7
-2.497,121.483,6.1
38.321,143.162,5.5
-14.165,166.471,5.6
-4.614,153.157,5.5
55.918,162.117,6.1
-27.149,-64.688,5.6
-26.142,178.394,6.5
-10.281,161.415,5.5
-43.583,172.68,6.1
-43.59,172.65,5.5
-43.598,172.621,5.6
22.11,143.842,5.5
12.388,-87.815,5.7
-17.811,-174.434,5.6
17.843,-95.007,5.9
-10.622,164.899,5.9
-37.36,-73.695,5.8
34.98,25.42,5.7
-59.233,-17.012,5.6
-29.474,-112.061,5.5
-29.701,-111.981,6.0
8.596,-76.855,5.7
9.457,125.935,5.5
-8.933,157.236,5.6
-18.021,-69.362,6.3
-56.422,-27.063,6.5
-10.349,160.766,6.3
38.435,142.842,7.3
38.361,142.91,5.7
38.246,143.102,5.7
38.665,142.991,5.6
38.315,142.434,6.0
38.503,143.166,5.9
38.345,142.648,6.0
38.296,142.808,6.5
-5.985,149.777,6.4
24.727,97.957,5.5
38.603,143.27,5.6
-6.873,116.72,6.5
-53.21,-117.837,5.7
38.297,142.373,9.1
37.712,141.184,6.3
37.359,143.351,6.4
37.623,142.155,6.3
37.054,141.763,5.9
38.095,142.492,6.2
36.469,141.84,5.9
36.375,141.777,5.8
39.003,142.29,6.3
36.419,141.876,6.4
38.969,143.37,6.7
36.109,141.696,5.9
37.788,144.233,6.2
37.211,141.601,6.2
37.93,143.802,6.3
36.281,141.111,7.9
36.023,142.269,6.6
36.004,142.067,6.5
38.29,142.813,6.2
39.03,142.284,6.2
38.058,144.59,7.7
37.812,144.233,6.1
36.625,141.867,5.9
35.806,141.1,5.8
37.465,142.404,5.6
36.094,141.665,5.8
37.04,142.463,5.5
39.599,141.576,5.8
37.956,143.248,5.9
37.961,142.724,6.2
37.337,144.237,6.1
40.668,141.605,5.8
38.061,143.016,5.5
37.562,142.855,5.9
