35.712,140.875,6.0
37.357,144.725,6.3
36.628,143.755,5.7
39.693,142.529,5.8
37.924,142.802,5.6
38.964,142.398,5.8
38.442,143.6,5.7
37.778,142.98,5.6
36.714,141.874,5.7
36.718,141.856,5.6
37.879,142.681,5.8
36.103,142.358,5.9
36.586,141.823,6.3
37.006,142.406,5.8
37.454,142.097,5.9
37.934,144.529,6.1
36.823,141.824,6.1
39.031,142.349,6.3
37.442,141.195,6.0
36.323,142.71,5.7
36.943,142.309,5.7
39.204,142.793,5.8
36.403,141.892,5.7
36.195,141.813,5.8
37.743,141.573,5.7
37.106,142.226,5.6
37.012,142.78,5.7
36.936,142.7,5.9
37.593,142.208,5.7
36.287,140.852,5.6
36.569,141.486,6.2
37.047,144.541,6.1
36.166,141.562,6.5
37.367,143.017,6.1
38.017,142.657,6.0
37.469,141.176,6.0
39.14,142.967,6.0
36.033,140.984,5.6
37.64,142.771,5.5
37.447,140.984,5.9
36.122,140.966,5.6
37.416,142.451,5.6
36.77,141.924,5.5
37.683,143.311,5.5
35.912,141.601,5.5
39.185,142.76,6.0
36.665,142.521,5.7
39.397,143.592,5.9
38.417,143.752,5.6
37.737,141.496,5.6
35.535,141.842,5.5
36.38,141.778,5.5
36.628,141.809,5.5
35.684,140.933,5.7
37.547,143.073,5.8
36.238,142.396,5.7
39.065,143.166,5.8
39.241,142.463,6.6
36.695,142.244,5.7
36.004,141.171,5.8
36.267,141.527,5.5
35.752,142.08,5.6
38.055,142.548,5.9
39.084,142.264,5.8
36.147,141.602,5.6
37.795,141.96,5.5
36.371,141.743,5.6
37.575,142.827,5.5
36.162,141.84,5.5
38.989,144.126,5.7
36.123,140.761,5.5
37.112,144.036,5.5
35.96,141.403,5.8
36.332,141.54,5.5
35.994,141.808,6.3
36.247,141.856,5.5
36.398,141.864,6.0
35.637,141.548,5.5
39.464,143.465,5.5
36.999,144.159,5.6
35.331,141.391,5.5
37.197,142.096,5.7
36.22,141.628,5.8
37.014,138.376,6.2
39.342,142.872,6.0
36.264,140.884,5.5
35.685,140.658,5.5
36.943,138.3,5.7
40.483,139.055,6.2
39.005,142.633,6.1
35.814,141.605,5.7
37.829,142.828,5.5
37.834,144.827,5.7
36.112,141.768,5.5
-16.724,-173.205,5.8
38.751,142.831,5.8
37.328,141.754,5.5
37.594,142.648,6.5
37.6,143.61,5.9
39.549,142.598,5.8
35.952,141.344,5.9
-3.016,139.1,5.5
40.082,143.202,5.7
39.171,142.33,5.5
-3.84,151.453,5.6
39.049,142.279,5.7
37.734,143.506,5.9
37.249,141.159,6.1
25.209,-109.82,5.6
38.791,142.549,5.6
39.465,142.405,5.8
36.517,142.482,5.8
37.681,141.889,5.8
38.047,141.72,6.1
35.723,141.637,6.1
36.344,142.344,5.8
39.642,143.181,5.7
38.849,141.858,5.6
37.348,142.394,5.7
35.152,141.1,5.6
36.408,140.894,5.5
37.785,142.456,6.0
37.206,142.245,5.6
37.367,142.301,5.8
40.419,142.959,5.5
37.576,142.237,6.0
35.272,138.582,6.0
40.335,143.288,6.1
35.209,140.994,5.7
35.747,140.71,5.7
39.887,142.019,5.7
-32.564,-71.726,5.5
-17.275,167.826,6.2
40.136,142.168,6.2
37.709,143.443,5.6
-17.266,167.899,5.8
35.496,140.763,5.5
36.757,141.202,5.8
37.125,142.335,5.5
37.759,143.488,5.5
39.161,142.23,5.5
39.696,142.904,5.9
36.796,140.268,5.7
37.724,141.363,5.6
18.994,121.246,6.0
39.35,141.824,5.8
-31.129,-179.823,5.7
36.491,70.927,5.8
13.915,120.566,5.5
35.205,140.997,5.7
37.244,144.003,6.4
37.325,141.791,6.1
39.851,143.437,6.4
39.733,143.113,5.6
36.866,143.188,5.6
36.289,141.404,5.7
-33.096,-15.977,5.8
35.795,141.549,5.9
35.787,141.567,5.6
37.065,140.638,5.5
37.014,140.679,5.5
37.111,140.58,5.5
39.079,142.084,5.8
20.687,99.822,6.9
20.65,99.77,5.7
38.772,141.88,6.2
-15.848,-179.405,6.0
14.374,-92.347,5.6
38.415,142.011,6.2
37.401,142.29,6.1
39.591,143.455,5.5
36.143,142.464,5.7
-16.541,-177.517,6.3
38.922,141.821,6.0
39.323,141.95,5.9
35.662,26.56,6.0
40.282,143.209,5.5
-5.574,153.964,5.5
-19.543,-69.014,5.9
-17.642,-178.585,6.4
-9.848,107.693,6.7
-17.662,-178.595,5.8
3.029,126.94,5.9
1.612,97.086,6.0
17.208,-94.338,6.6
38.276,141.588,7.1
17.107,-85.078,5.8
29.999,131.78,5.9
37.001,140.401,6.6
37.791,140.812,5.8
36.98,140.356,5.5
36.809,138.284,5.5
35.417,140.575,6.2
37.107,140.368,5.9
39.368,141.895,5.6
39.583,143.34,6.0
39.619,143.191,5.5
-33.049,-178.526,5.5
35.56,141.881,5.7
11.237,-86.337,5.7
-15.281,-173.238,5.8
-18.691,-175.363,5.7
25.435,123.897,5.7
36.378,139.653,5.8
36.878,143.917,5.5
-27.596,-63.201,5.7
-34.336,179.874,6.6
40.341,143.549,5.7
40.306,143.628,5.8
35.579,140.305,6.2
37.553,141.219,5.6
-37.905,-73.903,5.6
-22.805,-174.592,5.5
-10.375,161.2,6.8
39.097,142.87,5.9
-35.704,-16.994,5.6
-35.42,-16.958,5.6
-4.586,122.771,6.1
-8.081,108.477,5.6
-13.384,-111.298,5.5
16.851,-99.471,5.5
-9.973,160.492,5.7
37.455,141.653,5.5
10.129,-103.614,5.8
-3.262,148.625,5.7
6.854,-82.33,6.1
-6.947,155.86,5.8
-15.483,-174.343,5.5
-20.396,-178.548,5.5
-4.893,101.848,5.6
16.784,-98.618,5.7
55.094,-160.538,5.7
38.17,144.032,6.0
-25.192,-177.552,5.6
55.019,-160.688,5.8
26.124,128.398,5.5
-0.065,122.948,5.5
40.239,142.243,5.7
-56.65,147.411,5.9
5.343,126.415,5.7
37.739,143.536,5.6
-20.244,168.226,6.8
-20.272,168.397,5.9
-20.311,168.451,5.5
-4.742,-105.594,5.5
43.292,130.938,5.7
-4.702,-105.515,5.5
-20.298,168.349,5.6
12.434,143.987,5.5
-59.438,-151.353,5.7
9.954,-84.313,5.9
37.396,141.341,6.1
36.409,70.748,5.9
0.569,-25.647,6.1
-6.104,154.414,6.4
-6.861,155.061,5.5
-9.203,112.585,5.7
-15.645,-175.221,5.7
55.521,163.846,5.5
-6.628,147.893,5.5
39.149,29.103,5.8
35.761,140.843,5.8
-7.192,146.909,5.7
-56.074,-27.11,5.9
-30.822,-178.17,5.9
35.597,140.492,5.6
37.601,143.488,5.6
13.595,120.754,5.7
39.709,143.247,5.8
52.596,-173.256,5.5
-5.704,103.493,5.7
-27.466,-178.531,5.5
-27.261,-178.523,5.5
-7.715,101.757,5.9
-37.578,-73.691,6.3
37.285,143.907,6.1
9.635,92.459,5.5
37.067,140.912,5.5
-55.843,146.62,6.4
-15.115,-177.886,5.9
-44.176,-16.039,5.6
-17.083,-69.518,5.9
-4.571,149.936,5.5
-30.42,-178.055,5.6
13.414,41.735,5.6
-43.564,172.743,5.9
2.515,126.457,6.3
1.831,99.225,5.5
1.844,99.109,5.6
37.727,143.512,5.7
27.784,57.766,5.5
-5.928,151.04,6.4
13.303,41.732,5.6
37.664,141.664,5.7
14.021,-91.64,5.5
-5.963,-80.976,5.5
-54.889,-129.493,5.5
-21.701,-68.228,6.4
-13.287,167.214,5.7
-11.479,165.551,6.0
40.046,142.777,5.7
39.955,142.205,6.7
52.05,-171.836,7.3
-10.925,165.931,6.1
42.049,142.553,5.5
-24.512,179.37,5.6
18.863,146.279,5.5
-2.384,136.631,6.3
-2.412,136.657,5.6
-17.112,-173.692,5.5
-8.926,122.471,5.5
52.003,-171.762,5.8
52.087,-171.702,5.8
-33.906,-72.341,5.5
-23.483,-175.913,5.6
-23.535,-175.849,5.7
-23.566,-175.884,5.5
13.091,146.577,5.6
-6.626,147.85,5.6
12.326,-87.62,5.7
-38.674,175.75,5.5
-14.811,-176.025,5.7
36.372,141.618,5.7
-29.539,-176.34,7.6
-29.565,-176.249,5.6
-29.889,-176.338,5.5
-28.978,-176.711,5.7
-29.153,-176.942,5.8
37.125,140.869,5.5
0.961,-26.419,5.6
-4.137,129.396,5.5
-21.206,-174.538,5.9
-21.16,-174.638,5.6
-29.39,-177.12,5.9
-29.337,-177.051,6.0
-29.436,-177.007,6.0
38.034,143.264,7.0
-15.418,-176.083,5.7
-29.487,-176.579,5.9
-4.061,121.694,5.5
-22.68,-174.746,5.6
-49.928,-114.076,5.7
9.509,122.175,6.4
10.648,-85.2,5.5
-6.055,130.492,5.6
-38.237,-93.772,5.5
36.128,139.85,5.5
-60.762,-23.523,6.1
-33.819,-71.832,6.0
-22.434,-174.999,5.8
-7.089,127.585,5.9
-18.867,169.364,5.6
54.787,-161.29,6.1
52.801,152.944,5.5
51.28,178.944,5.8
-23.72,179.03,5.5
40.081,71.41,6.1
-10.34,162.01,6.0
-62.496,164.452,6.0
-20.325,-178.595,5.9
-29.335,-69.705,5.5
38.898,141.815,6.3
54.695,-161.148,5.7
13.107,145.253,5.5
37.73,141.39,6.3
-3.182,150.611,6.3
35.273,140.933,5.6
14.947,120.043,5.9
52.99,159.794,5.6
-9.23,67.113,5.8
25.101,-109.525,6.0
10.799,-43.391,5.9
40.344,143.236,5.6
-35.77,-73.116,5.7
-23.801,179.751,6.7
12.899,143.234,5.5
36.942,140.955,6.3
-17.016,171.579,6.1
41.795,142.826,5.5
-3.518,144.828,6.6
39.837,142.083,5.7
34.631,138.433,5.9
51.792,-171.267,5.6
-23.983,179.007,5.7
-5.045,148.161,5.7
-2.837,101.09,5.8
48.833,154.769,6.1
-29.989,-176.728,5.7
-35.884,-73.334,5.5
-11.791,168.308,5.6
-11.11,162.339,5.6
27.723,65.082,5.7
-7.04,-12.618,6.0
-24.799,179.919,5.7
39.955,77.028,5.6
37.034,140.893,5.8
-21.805,-177.021,5.5
-30.551,-177.932,5.5
14.394,-94.674,5.8
-1.337,-14.653,5.6
-1.814,-76.908,5.7
-2.323,128.011,6.1
-5.557,147.144,5.6
-57.229,-25.452,5.7
36.765,143.77,6.1
-16.522,-177.004,6.2
37.671,141.652,6.2
-22.504,-174.944,5.6
-15.878,-179.451,5.5
-18.365,168.143,7.2
-18.308,168.156,6.5
-18.311,168.218,7.1
-18.24,167.867,5.6
-18.6,168.165,5.5
-56.428,-27.494,5.6
-5.57,151.024,5.8
-17.428,167.268,5.7
-29.026,-176.676,5.7
36.083,141.688,5.9
-6.282,104.054,6.1
37.9096667,-77.9363333,5.8
-7.641,-74.525,7.0
-18.155,167.727,6.2
-13.598,166.996,5.9
-18.275,167.615,5.5
-24.593,179.924,5.7
-24.535,-115.945,5.6
-16.35,167.941,5.6
-6.362,126.752,6.9
-5.907,153.278,5.6
43.589,-28.902,5.5
-12.36,166.656,6.0
52.171,-171.708,6.9
-28.398,-63.029,6.7
-12.781,166.79,5.8
-56.451,-26.847,6.4
-38.435,-74.907,5.8
-20.671,169.716,7.0
-19.18,168.705,5.8
-15.295,-173.621,6.2
6.564,-82.358,5.8
2.965,97.893,6.7
-27.771,-178.461,5.5
-49.586,164.007,5.9
49.535,-126.893,6.4
-18.188,167.734,5.8
-3.626,144.178,5.9
5.617,-77.471,5.7
-32.696,-71.797,5.8
-35.111,-178.991,5.7
53.107,172.984,6.0
-35.366,-179.039,6.1
36.256,141.338,6.1
-14.956,-177.957,5.5
-21.611,-179.528,7.3
-20.679,169.79,5.5
40.273,142.779,6.7
40.235,143.24,5.7
40.239,143.008,5.9
40.077,143.15,5.8
40.242,143.145,5.7
40.265,142.657,5.7
39.845,143.052,5.6
27.73,88.155,6.9
52.037,-171.982,5.6
14.186,-90.238,5.6
-4.532,-105.207,5.7
39.785,38.842,5.5
-15.437,-175.311,6.4
-9.051,-109.44,5.9
-37.952,-73.853,5.6
-48.978,164.542,5.6
26.768,140.429,5.6
57.89,-32.492,5.5
9.7,138.245,5.8
-24.178,-64.219,5.9
-22.212,171.222,5.6
-32.514,-179.038,6.1
-4.694,134.137,5.7
-20.602,-173.222,5.9
-50.076,-115.958,5.5
37.547,141.257,5.6
-25.459,-116.219,5.5
-2.247,138.838,5.7
-9.35,114.587,6.1
43.462,-127.135,5.6
-6.57,147.881,6.5
54.08,123.722,6.0
-25.788,-177.455,5.5
-5.785,151.037,6.1
43.892,142.479,6.1
-28.993,-176.238,7.4
38.721,43.508,7.1
38.751,43.595,5.6
38.814,43.446,5.6
38.809,43.3,5.7
38.634,43.077,5.9
52.159,-171.826,5.7
38.811,43.623,5.6
-17.941,-179.531,6.0
-14.438,-75.966,6.9
-14.379,-75.998,5.6
-14.512,-75.844,5.6
25.372,122.866,5.7
-3.249,101.345,5.6
-25.741,-70.959,5.7
-23.346,-114.963,5.5
52.366,177.932,5.8
43.648,82.437,5.6
19.831,-109.205,6.3
-55.294,-128.843,6.1
-15.094,167.384,5.8
-18.241,168.304,5.9
-23.468,-70.199,5.7
35.532,-96.765,5.7
54.12,-162.549,5.7
36.502,71.102,5.6
-63.245,170.735,5.8
11.56,-85.861,6.0
27.324,125.621,6.9
38.429,43.229,5.6
10.542,146.095,5.7
-55.981,-124.439,6.0
-17.708,-173.095,5.6
-55.707,-124.327,5.6
-0.949,126.91,6.3
-7.482,127.849,5.5
-0.095,121.914,5.7
-5.28,140.311,5.7
-1.702,-81.546,6.0
8.415,-103.158,5.6
13.973,-91.718,5.8
-37.423,179.989,5.6
33.704,-38.495,5.7
-37.806,179.418,5.8
53.134,-174.135,5.5
-2.952,142.138,5.7
24.96,95.232,5.7
-15.364,-65.09,6.6
34.285,25.083,5.5
37.365,141.368,6.1
41.898,142.639,6.2
-7.019,116.983,5.8
-5.48,153.733,6.1
-1.602,-15.45,5.9
15.455,118.999,6.0
-22.17,-176.73,5.6
7.805,93.843,5.6
-0.626,121.974,5.5
-34.002,58.078,5.6
0.121,120.499,5.5
17.95,-59.8,5.6
-4.759,133.637,5.7
-1.439,126.514,5.8
-27.899,-70.918,6.1
47.009,144.551,5.7
17.986,-99.789,6.5
-24.083,178.554,5.7
-56.009,-28.184,6.2
0.041,123.03,6.0
-15.382,-174.826,5.8
-7.551,146.809,7.1
-56.533,-143.727,5.5
-32.718,-179.099,6.0
31.717,141.631,5.6
-45.766,-76.056,5.8
-1.265,119.638,5.7
-29.074,-176.863,5.7
-33.17,-179.017,5.5
-43.49,172.8,5.8
-43.53,172.743,5.9
-52.12,27.958,5.9
-16.198,-173.862,6.0
-19.168,168.704,5.5
51.842,95.911,6.6
-56.958,-142.457,5.7
31.456,138.072,6.8
-17.691,-173.543,5.6
18.325,-70.361,5.5
-6.341,-107.312,5.5
-28.613,-176.935,5.7
-10.617,165.16,6.4
2.433,93.21,7.2
36.994,141.071,5.5
-52.113,28.152,5.5
-60.548,-27.073,5.6
19.202,121.156,5.8
-60.975,-56.072,5.9
-60.948,-56.113,6.6
-60.882,-55.965,6.0
-60.752,-56.095,5.6
11.177,125.837,5.7
-31.655,-71.499,5.6
-0.877,126.829,5.8
-10.966,165.57,5.7
-46.686,165.778,5.9
-8.406,119.701,5.7
14.873,-93.005,6.2
-56.759,-25.147,6.0
-56.655,-24.899,5.5
-36.409,-73.03,6.1
-24.977,178.52,6.3
-56.336,-27.723,5.5
40.177,142.211,5.6
-36.793,-110.517,5.6
-29.43,-177.386,5.9
-14.168,-75.635,6.4
-6.563,149.774,5.6
-6.586,149.718,5.6
-17.827,167.133,7.1
-17.954,167.179,5.5
-17.378,167.277,6.1
-17.463,167.187,5.7
-20.536,-174.035,5.8
11.872,125.754,5.6
48.887,-127.906,5.6
13.046,57.561,5.5
-18.894,168.917,6.1
-17.948,167.226,6.1
9.999,123.206,6.7
10.092,123.227,5.6
9.885,123.095,6.0
9.821,123.08,5.8
-56.383,-25.816,5.5
-58.312,157.837,5.9
-17.968,-178.549,5.9
-0.324,132.691,5.7
-37.456,-73.884,5.6
-0.978,126.853,5.5
9.183,-84.121,5.9
41.143,-123.79,5.6
36.193,141.402,5.5
36.214,141.386,5.8
-10.39,161.102,6.4
43.625,-127.518,5.8
-17.839,65.405,5.8
14.276,-92.779,5.6
-17.699,-13.193,5.5
22.661,120.891,5.9
-24.477,-177.5,5.5
-24.495,-177.238,6.0
-32.495,-177.73,5.6
51.708,95.991,6.7
28.2,139.391,5.6
35.2,141.001,5.6
-22.141,170.34,6.6
2.687,-84.34,5.5
-21.529,169.769,5.7
-28.246,-63.294,6.1
12.354,123.7,5.6
-2.814,138.888,5.6
39.383,81.307,5.9
-19.125,169.613,6.7
55.146,-157.567,5.5
36.741,73.152,5.6
45.239,147.609,5.5
14.959,-93.026,5.5
40.887,144.944,6.9
40.781,144.761,6.1
40.755,144.806,5.6
35.687,140.695,6.0
-5.595,151.042,6.2
35.802,139.279,5.5
10.037,125.633,5.8
3.823,63.404,5.5
-34.905,-107.644,5.8
-14.621,-175.702,5.9
-3.812,140.266,6.1
16.493,-98.231,7.4
-6.242,145.955,6.6
-54.367,-136.157,5.5
-54.576,-135.923,5.7
-35.2,-72.217,7.1
-30.04,60.653,5.6
9.995,-104.228,5.5
10.071,-104.16,6.0
39.859,142.017,6.1
-57.331,-140.014,5.5
37.116,140.957,5.7
-4.516,153.427,5.7
16.395,-98.316,6.0
-4.551,153.457,6.1
-3.345,100.426,5.5
-1.261,-13.972,5.8
2.327,93.063,8.6
1.271,91.748,5.8
51.364,-176.097,5.5
2.199,89.441,5.9
1.254,91.735,6.0
0.802,92.463,8.2
2.913,89.544,5.7
1.495,90.854,5.5
1.19,92.092,5.5
43.584,-127.638,6.0
18.229,-102.689,6.5
1.841,89.685,5.8
28.837,-113.027,6.0
28.696,-113.104,7.0
37.513,141.468,5.5
36.988,141.152,5.7
-57.679,-65.308,6.2
49.38,155.651,5.6
-6.81,105.457,5.8
-18.972,168.741,6.2
2.581,90.269,6.2
-2.64,121.855,5.8
36.632,21.475,5.8
-32.625,-71.365,6.7
-5.462,147.117,6.8
-31.894,-177.236,5.6
-59.016,-16.612,6.2
28.689,138.772,5.5
3.256,93.853,5.7
3.269,93.821,5.9
2.158,93.36,5.8
-1.617,134.276,6.7
-35.229,-16.181,5.7
-1.635,134.197,6.0
-52.867,140.29,5.6
-28.556,-177.412,6.0
0.374,125.293,5.7
48.397,154.739,5.6
5.649,61.511,5.6
8.868,93.949,5.5
-24.228,-175.95,5.6
35.622,140.472,5.5
9.011,93.945,5.7
2.696,94.459,5.6
-18.685,-174.705,6.6
-5.328,152.11,5.6
2.704,94.509,5.7
35.596,140.349,5.8
39.745,142.037,5.6
-29.868,-71.46,5.6
1.757,89.598,5.7
-5.689,128.511,5.5
21.951,-108.44,5.5
18.251,-101.085,5.7
14.376,-92.897,6.0
-54.565,143.836,5.8
-35.883,-102.728,5.5
-21.477,-174.227,5.7
-13.82,-75.801,5.6
41.549,46.789,5.6
6.232,127.45,5.5
-0.966,-13.6,5.5
-28.73,-112.587,5.9
38.612,70.354,5.7
-17.678,-69.591,6.2
-5.504,149.711,5.7
-44.806,-80.159,6.3
-25.729,-70.562,5.8
39.665,143.311,5.9
44.89,11.23,6.0
39.548,143.248,5.6
39.646,143.164,6.3
42.645,22.968,5.6
41.335,142.082,5.9
-50.42,139.516,6.0
-50.352,139.536,5.9
72.96,5.683,6.1
26.91,140.055,6.0
-28.043,-63.094,6.7
-19.962,-175.976,5.9
54.368,168.925,5.6
-22.13,-179.61,5.8
44.851,11.086,5.8
44.888,11.008,5.5
-0.902,133.181,5.6
-77.08,-148.864,5.5
-0.72,133.269,5.8
-22.059,-63.555,5.9
-16.235,67.21,5.5
5.305,-82.629,6.3
5.508,-82.563,6.3
-7.692,106.371,5.9
-15.279,-177.919,5.7
34.943,141.132,6.1
22.357,121.428,5.5
-36.074,-70.57,6.0
-20.192,-176.34,5.8
-15.877,-72.413,6.1
24.572,122.248,5.9
36.42,28.88,6.0
36.023,69.351,5.7
-5.677,105.494,5.5
-55.796,-28.394,5.5
1.293,126.828,5.5
5.719,126.354,5.7
15.593,119.563,5.9
-8.511,160.356,5.7
38.919,141.831,6.3
53.351,171.619,6.0
53.351,171.701,5.6
-17.963,-178.186,5.5
-32.935,-178.65,5.5
-54.36,158.79,5.7
3.009,97.896,6.1
2.628,90.509,5.5
57.601,163.195,6.0
27.767,100.781,5.5
13.834,-89.967,5.7
-15.222,-173.268,5.5
-24.747,-9.663,5.8
43.433,84.7,6.3
-22.088,170.992,5.5
25.592,94.696,5.6
-14.423,-75.598,5.7
-10.82,163.331,5.5
-40.023,173.756,6.3
-14.657,167.34,6.3
-4.651,153.296,5.7
45.497,151.288,6.0
35.604,28.919,5.6
29.381,130.099,5.6
45.401,151.424,5.7
-26.051,-177.362,5.7
45.452,151.665,5.8
36.527,70.906,5.7
-2.885,129.321,5.5
55.777,161.234,5.5
-1.296,137.053,5.6
-55.661,-128.893,5.9
-20.872,-178.508,5.9
37.248,71.375,5.6
49.407,155.907,6.0
49.354,156.132,5.8
-21.222,-179.287,5.6
-37.713,-179.968,5.6
-19.19,173.789,5.9
-4.872,149.532,5.6
2.707,96.045,6.4
-9.694,159.727,6.4
-17.592,66.391,6.7
-21.015,-174.491,5.5
-21.103,169.509,5.6
-4.651,153.173,6.5
22.935,94.299,5.7
47.379,139.073,5.6
14.191,-92.294,5.9
-6.944,131.121,5.5
-8.414,-74.259,6.1
-4.654,153.275,6.1
-16.919,-176.916,5.5
-21.15,-178.358,5.8
-16.02,178.062,5.9
19.946,-109.332,5.6
52.633,-167.421,6.2
38.329,46.826,6.4
38.389,46.745,6.2
35.661,82.518,6.2
-63.004,-157.718,5.5
49.8,145.064,7.7
13.148,-89.215,5.5
7.335,-36.768,5.6
-36.429,-98.905,5.8
8.348,-103.003,5.5
-1.315,120.096,6.3
-13.504,172.379,5.7
2.645,128.697,5.8
-15.598,-173.042,5.7
47.789,-128.619,5.6
-4.766,144.57,6.2
-0.172,92.056,5.6
-27.311,-176.807,5.7
-63.581,171.324,5.5
-33.435,-179.533,5.6
42.419,142.913,5.9
-65.478,-179.778,5.6
2.19,126.837,6.6
12.139,-88.59,7.3
12.297,-88.612,5.5
12.458,-88.654,5.5
38.425,141.814,5.5
-50.143,114.08,5.6
71.441,-10.605,6.8
10.811,126.638,7.6
10.388,126.719,5.6
16.229,-92.773,5.5
6.61,123.875,5.8
-10.708,113.931,6.1
7.905,125.044,5.7
-12.476,166.513,6.0
10.085,-85.315,7.6
-3.661,140.252,5.6
-4.6,-105.891,5.7
27.575,103.983,5.5
21.527,145.923,5.7
-3.177,135.109,6.1
10.082,-85.323,5.7
49.247,155.75,5.9
52.78,175.01,5.5
45.335,151.111,5.6
11.838,143.218,5.9
34.783,24.11,5.5
-18.627,175.845,5.5
-3.319,100.594,6.2
-39.676,-16.01,5.5
-10.732,113.865,5.7
-5.687,150.119,5.5
-20.757,-178.513,5.7
-20.896,-174.194,5.5
-21.212,-174.292,5.5
-15.517,-173.901,5.6
24.666,-110.173,6.3
51.592,-178.295,6.4
-8.838,157.456,5.8
16.304,-98.393,5.5
1.929,-76.362,7.3
39.808,143.099,6.1
-64.969,177.83,5.5
-0.429,97.672,5.7
17.479,-46.457,5.7
13.028,-91.504,5.5
23.582,-108.512,5.5
18.543,120.939,5.6
-21.725,-68.165,5.7
25.127,-109.574,5.9
-4.472,129.129,6.1
-2.72,139.224,5.6
-60.326,153.699,6.6
-32.865,-70.31,5.5
-4.892,134.03,6.6
-7.145,156.048,5.8
48.308,154.428,5.7
41.825,46.405,5.5
14.684,-92.289,5.5
51.9,159.379,5.6
14.062,-91.01,5.5
49.618,156.438,5.6
-38.639,176.167,5.6
4.232,124.52,6.0
-54.217,144.006,5.9
-9.289,67.057,5.6
-30.809,-176.8,5.5
-13.552,166.564,6.2
66.309,-18.666,5.5
29.057,139.251,5.9
-57.512,148.206,5.6
-22.312,171.691,5.8
10.086,-85.298,6.5
38.306,141.699,5.6
52.788,-132.101,7.8
52.576,-131.962,5.5
52.674,-132.602,6.3
52.294,-132.082,5.6
-8.185,123.465,5.5
-0.142,125.185,5.7
52.365,-131.902,6.2
-6.762,107.529,5.7
55.887,162.799,5.5
9.219,126.161,6.1
7.048,-34.073,5.6
37.791,143.61,5.6
1.374,122.2,5.7
1.357,122.167,5.6
9.963,57.203,5.6
-35.465,-104.8,5.5
13.988,-91.895,7.4
13.849,-92.156,5.7
-8.652,148.034,5.6
49.231,-128.477,6.1
-8.866,-75.071,6.0
23.005,95.885,6.8
22.72,95.832,5.8
23.132,95.866,5.5
14.129,-92.164,6.5
57.792,-142.855,6.3
-45.761,-77.053,6.1
-21.043,-175.934,5.6
9.982,122.472,5.7
-29.118,-71.19,6.1
-5.86,151.341,5.6
-3.109,148.27,5.9
18.346,-100.382,6.1
52.496,173.351,5.5
-53.955,-134.758,5.6
49.28,155.425,6.5
-14.99,167.46,5.6
-18.381,-172.32,5.9
-5.705,151.602,6.0
-33.939,-71.868,5.9
-22.742,-63.571,5.9
-2.952,129.219,5.7
-4.522,-76.101,5.6
-5.398,131.134,5.6
-6.588,-81.07,5.5
-3.423,145.562,5.9
13.757,-92.113,5.5
-18.824,-175.595,5.7
-16.975,167.645,6.1
-54.672,-136.244,5.6
61.237,-150.76,5.8
33.506,59.571,5.8
10.974,126.638,5.5
37.89,143.949,7.3
37.914,143.764,6.2
37.828,143.607,5.5
-38.428,176.067,6.3
-7.661,146.954,5.7
-7.211,143.973,5.6
6.703,126.166,5.6
-6.533,129.825,7.1
0.533,126.231,6.0
80.804,121.383,5.5
31.095,-119.66,6.3
-15.307,-178.186,5.8
52.291,174.011,6.0
-4.632,153.016,6.1
49.785,155.837,5.6
-0.649,123.807,6.1
-4.178,-104.495,5.9
-4.028,-104.177,5.7
-14.344,167.286,6.7
22.443,94.782,5.5
42.42,41.075,5.7
-56.186,-144.483,5.5
-35.783,-73.255,5.9
-0.145,122.918,5.5
-3.563,148.899,5.7
35.711,70.599,5.5
-1.564,127.386,5.6
55.393,-134.652,7.5
39.656,25.54,5.7
-34.601,179.18,5.7
25.329,95.048,5.8
-57.05,-141.465,5.6
4.72,95.095,5.7
25.891,-110.103,5.7
55.163,-134.548,5.5
-62.571,-161.432,6.1
64.84,146.503,5.5
53.873,-35.127,5.5
30.33,57.467,5.5
4.927,95.907,6.1
-16.117,-173.235,5.7
42.605,79.708,6.1
-28.094,-70.653,6.8
-10.634,166.372,6.1
-10.64,166.367,6.1
-10.682,166.381,5.8
-10.884,165.438,5.5
-10.59,166.361,5.5
55.435,-135.018,5.9
-6.957,147.676,5.8
-11.104,165.532,6.0
-10.896,165.379,6.3
-11.12,165.378,6.4
-10.956,165.357,5.8
42.77,143.092,6.9
29.336,141.992,5.5
-10.887,165.284,6.0
-62.31,155.046,5.5
-10.864,165.248,6.0
-10.799,165.114,8.0
-11.076,164.771,5.9
-11.338,165.898,5.6
-11.183,164.882,7.1
-10.765,164.629,5.5
-11.293,165.588,5.5
-10.975,165.209,5.6
-11.809,165.301,5.5
-11.635,166.015,5.5
-10.499,165.588,7.0
-11.483,165.51,5.6
-11.112,165.385,5.5
-10.802,165.095,5.6
-10.649,165.058,5.5
-11.05,165.08,5.6
-10.898,165.504,5.5
-10.791,164.551,6.1
-10.644,164.953,5.9
-10.853,165.268,5.9
-10.642,164.765,6.0
-10.717,165.182,5.8
-11.243,165.728,6.0
-11.587,165.533,5.9
-10.639,166.462,5.6
-10.808,166.526,5.8
-11.099,165.632,5.6
-11.658,164.94,6.0
-15.805,-172.967,5.8
-11.03,164.778,5.8
-10.997,165.655,6.7
-10.85,165.794,5.8
-11.007,165.79,5.5
-10.914,164.744,5.5
-10.838,165.969,6.8
-10.927,165.891,5.8
-10.928,166.018,7.1
-6.315,154.737,5.7
-10.869,166.631,5.7
-11.024,166.76,5.5
-10.886,165.966,5.5
1.135,-77.393,6.9
-10.994,165.741,6.6
-10.921,165.91,5.5
-11.012,166.788,5.6
-18.608,-174.713,5.6
-10.94,165.461,6.0
-11.046,166.8,5.7
-11.004,165.569,5.7
-10.898,164.255,5.5
-2.975,130.205,5.6
67.631,142.508,6.6
-19.731,-174.465,5.7
5.812,125.748,6.1
-36.514,177.933,5.8
-10.841,165.673,5.5
-10.808,165.555,5.7
5.541,-32.96,5.5
-30.774,-178.123,5.9
-30.744,-178.148,5.5
-17.46,-173.451,5.7
-10.781,166.902,5.6
18.552,-103.714,5.6
-27.932,-63.097,6.1
-10.66,165.304,5.9
-8.467,127.467,5.9
-11.689,165.023,5.6
-32.339,-178.051,5.5
36.844,139.245,5.8
-21.503,-179.388,5.7
-17.721,167.338,5.9
50.954,157.283,6.9
-10.892,165.921,5.8
50.895,157.453,6.4
50.958,157.408,6.5
-7.189,145.901,5.6
-5.214,152.559,5.8
-22.396,171.055,5.5
24.31,121.49,5.5
-18.97,169.377,5.5
50.892,157.218,5.8
12.811,-90.64,5.5
-5.299,151.519,5.7
-6.598,148.174,6.5
-6.662,148.455,5.5
-11.531,165.186,5.5
-8.798,-131.921,5.5
60.233,163.4,5.8
0.863,-85.229,5.5
-58.892,-24.331,5.9
-28.044,-176.568,5.5
50.731,160.159,5.9
-20.757,173.37,6.1
14.487,-90.463,6.2
16.184,-98.152,5.5
-9.353,120.278,5.5
23.828,121.215,5.9
-23.538,-175.427,5.5
-28.069,-176.665,5.6
10.032,126.247,5.5
-65.552,-177.804,5.6
39.526,143.167,6.0
39.506,143.155,5.5
-40.445,45.382,5.9
42.736,131.003,6.3
-55.8,-124.27,5.5
42.726,130.976,5.8
-3.517,138.476,7.0
-55.633,-123.207,5.5
28.428,51.593,6.4
20.722,122.064,5.8
19.258,95.623,5.5
-17.34,175.059,5.7
34.369,134.828,5.8
-19.141,169.535,6.0
-6.475,154.607,6.6
-6.589,154.434,5.7
28.033,61.996,7.7
-3.214,142.542,6.6
28.114,62.354,5.6
-2.768,138.75,5.5
33.958,139.352,5.6
38.475,141.63,5.9
24.924,123.356,5.5
-34.343,-109.213,5.5
46.221,150.788,7.2
-11.976,121.632,5.8
49.965,157.652,6.1
30.308,102.888,6.6
-5.002,152.111,5.7
-6.292,130.218,5.9
-54.78,1.173,5.8
50.099,157.148,6.1
29.933,138.887,6.1
51.663,-178.239,5.6
18.081,-102.182,6.0
51.098,179.392,5.5
-3.898,152.127,6.5
34.526,70.22,5.5
-28.681,-178.916,6.1
35.702,140.979,5.6
37.592,-24.913,5.9
33.061,75.863,5.7
-54.58,-136.737,5.5
-21.375,-176.295,5.5
-19.622,175.051,6.0
-28.983,-13.229,5.7
26.56,57.77,6.1
26.548,57.926,5.5
-17.965,-175.107,6.4
26.404,57.522,5.5
13.476,-91.376,5.8
26.716,57.765,5.5
21.941,143.744,5.5
18.728,145.288,6.8
0.765,92.399,5.6
-15.69,-73.33,5.5
-4.56,152.818,5.7
-57.511,-6.799,5.6
-11.066,165.08,5.7
-53.072,22.073,5.6
37.739,141.471,6.0
26.606,57.785,5.5
52.34,160.065,6.1
52.254,160.268,5.5
-44.866,-80.746,6.4
52.52,160.362,6.0
52.394,160.294,5.9
52.495,160.142,5.7
52.346,160.063,5.7
52.281,160.072,6.1
52.589,160.636,5.5
-13.787,-72.263,5.8
-23.009,-177.232,7.4
-20.578,-175.759,6.3
-54.478,158.939,5.6
40.1918,-121.0595,5.7
54.892,153.221,8.3
53.026,152.995,5.5
-24.335,-174.922,5.9
52.235,151.444,6.7
-7.51,127.916,5.5
39.956,67.314,5.7
14.553,53.892,5.9
9.416,-82.638,5.7
-54.222,-135.819,5.6
-23.061,-177.185,5.5
7.275,124.898,5.6
-7.034,155.913,5.5
23.789,121.141,6.2
7.282,124.928,5.5
45.379,150.919,5.5
-11.401,166.299,6.1
-23.888,179.085,5.9
24.098,122.671,5.8
-43.754,-16.182,5.6
10.644,126.792,5.5
-22.588,-66.691,5.6
26.533,128.886,5.6
-10.004,107.236,6.7
-33.853,179.402,6.0
34.4,25.02,6.2
11.763,-86.926,6.5
-56.28,-27.443,5.5
18.155,-99.203,5.8
-58.348,158.158,5.7
34.347,25.159,6.0
-36.525,52.413,5.6
54.263,86.173,5.6
-3.766,151.4,5.5
-6.453,148.684,5.7
-6.446,148.576,5.7
10.701,-42.594,6.6
-0.141,125.054,5.5
1.114,127.13,5.7
24.09,122.232,5.7
4.645,96.665,6.1
-15.727,-173.804,5.5
4.664,96.65,5.5
-35.927,-102.964,5.5
-23.851,-66.516,5.6
51.618,-167.017,5.8
1.537,30.894,5.7
-7.028,155.726,6.1
-3.269,100.564,6.0
-3.917,153.927,7.3
51.03,-179.908,5.6
-6.029,149.706,6.6
-8.803,113.002,5.7
13.29,-89.172,5.7
16.707,40.831,5.5
-3.359,100.458,5.6
-30.148,-177.466,5.5
-19.302,-69.248,5.6
-30.243,-177.535,5.6
-15.398,-173.09,5.8
-60.857,-25.07,7.3
-6.288,154.768,5.9
-63.378,-62.543,5.7
-15.657,-71.74,6.0
-41.549,174.408,5.5
-16.757,167.69,5.5
-30.473,-176.286,5.7
37.5,141.625,5.5
-41.638,174.386,5.9
-41.704,174.337,6.5
34.512,104.262,5.9
-46.049,34.78,6.3
-23.132,-177.222,5.9
-15.379,167.689,6.1
-57.915,-23.841,6.3
-16.971,-177.057,5.5
-15.2443,-173.5006,6.0
38.2133,141.8621,5.8
49.6614,-127.4286,5.5
46.9925,145.2582,5.8
14.1526,-91.5958,5.6
-22.5035,173.8052,5.8
-16.8575,167.3184,5.7
-16.9065,167.373,5.7
30.0464,97.9565,5.7
-7.1354,129.8088,6.0
-30.6285,-179.678,6.1
10.4577,-86.9354,5.5
-5.3962,-81.9268,6.2
-56.5243,-142.3211,5.7
5.7732,-78.1999,6.7
-41.734,174.152,6.5
-41.764,174.117,5.5
-41.742,174.05,5.9
-41.6688,174.2623,5.9
-34.8853,54.0927,6.1
-22.2977,171.6697,5.7
16.8784,-99.498,6.2
-22.2741,-68.5927,5.8
-22.5179,-175.2417,5.8
-33.4611,57.0446,5.8
-27.7829,179.6335,6.2
-19.3503,-179.136,5.7
-4.4412,151.6112,5.8
51.537,-175.2297,7.0
51.4224,-175.1775,5.5
28.2425,99.3502,5.6
51.2381,-174.9407,6.0
51.3674,-175.2847,5.5
-7.44,128.2209,6.5
-29.0334,-176.4039,5.7
42.1989,133.6656,5.7
-6.6272,155.1351,5.9
51.244,-130.3971,6.1
51.3277,-130.2195,5.5
29.9377,138.8325,6.5
51.1832,-130.2245,6.0
51.5573,-174.7671,6.5
51.449,-174.717,5.8
51.5733,-174.7888,5.7
51.573,-174.8537,6.0
15.1836,-45.232,6.0
51.463,-174.583,5.6
10.5988,-86.0997,5.9
-47.0447,33.4751,5.5
20.1721,122.3193,5.9
14.6056,-92.1207,6.4
1.3814,122.2235,5.6
-4.5472,-104.5783,6.1
51.4389,-174.6365,5.9
51.5751,-174.716,6.1
-55.8129,-124.156,5.5
22.9341,95.9607,5.7
-7.3308,120.0106,6.1
-33.5102,-178.0226,5.8
7.3709,59.5384,5.5
26.951,65.5009,7.7
27.2085,65.5674,5.8
27.3125,65.6201,5.6
27.131,65.471,5.5
-49.9585,-113.7439,6.1
-50.0313,-113.9877,5.5
-15.8385,-74.5112,7.1
14.4361,-93.3857,5.5
27.1825,65.5052,6.8
-16.5507,-173.8364,5.5
-30.9255,-178.3234,6.5
49.4947,-28.5247,5.5
53.1995,152.7864,6.7
11.2277,57.5902,5.7
-38.6062,78.3693,6.4
12.3115,141.6905,6.0
-36.7267,-97.4761,6.2
-58.8864,149.0414,5.7
-30.6623,-178.4838,6.2
10.9048,-62.315,6.0
35.5142,23.2523,6.6
0.7452,122.2107,5.5
-36.7364,78.7182,5.5
3.9633,95.8634,5.6
9.8796,124.1167,7.1
9.8331,124.261,5.6
9.7931,123.6885,5.7
-6.4456,154.931,6.8
26.0913,-110.3209,6.6
-56.5117,-25.6931,5.6
-22.9456,-174.7121,5.5
-6.3449,154.9657,5.5
-23.0067,-177.1425,6.0
-30.8285,-178.2171,5.5
-58.153,-12.7964,6.7
37.1557,144.6611,7.1
-19.3607,-173.728,5.7
37.1057,144.6715,5.5
37.0876,144.5734,5.5
-61.6949,154.6743,5.9
-35.439,-73.193,5.8
-35.314,-73.395,6.2
23.5904,121.4366,6.3
-30.2921,-71.5215,6.6
-23.6357,-112.5956,6.0
-19.1711,-172.6411,6.2
-19.2068,-172.3982,5.7
-5.8583,148.8538,5.8
-19.2137,-172.5332,5.6
4.6565,123.3471,5.9
-57.8439,-25.714,5.5
-22.324,171.5445,5.7
-1.1873,67.6827,5.5
-12.0269,167.1235,5.5
-28.3173,-176.7731,5.5
35.9187,139.9684,5.6
-54.9278,-130.5733,5.6
54.6859,162.3024,6.4
51.5477,-178.9984,5.8
-60.2814,-47.1233,6.1
41.4306,142.177,5.5
-60.2627,-47.0621,6.9
-60.2942,-46.4266,5.5
4.2077,90.0652,5.7
35.6039,140.1529,5.5
-60.3474,-46.3687,5.5
-60.2738,-46.4011,7.7
-60.4778,-45.2114,5.8
-60.526,-44.3839,5.7
-10.329,-11.8343,5.5
34.3343,137.0475,5.6
2.6403,128.4339,6.0
8.9147,138.5332,5.9
18.4753,145.2041,6.0
-63.2943,-164.9357,5.7
12.3975,95.1481,5.5
34.4574,45.4824,5.6
5.4216,92.8184,5.5
34.3083,45.6105,5.8
-17.1171,-176.5449,6.5
45.5613,151.0047,6.0
-54.0272,-54.9796,5.6
-53.9451,-55.0033,7.0
-53.8708,-53.9107,6.0
-12.5993,-76.2025,5.5
-5.8261,150.7634,5.5
29.32,51.31,5.8
-7.0269,128.3791,6.4
41.6832,-126.8781,5.5
2.044,96.8261,6.0
-21.2849,170.3154,5.6
-53.3147,25.4971,5.5
6.6241,126.1749,5.6
-25.4464,178.253,5.7
44.4438,149.1667,6.0
13.1334,-89.0898,5.6
35.6544,140.6546,5.5
-58.6854,149.3456,5.5
-46.0838,165.9893,5.8
-25.509,-70.521,5.5
-20.7074,-178.6609,5.7
20.7727,146.7903,6.2
-6.9084,128.3228,5.7
35.6065,140.6497,5.5
-22.2795,171.7306,5.5
-46.4494,96.133,5.5
-46.4386,96.0153,5.6
35.688,142.1406,5.6
12.7711,143.036,5.8
-56.4333,-142.5413,5.6
36.028,31.31,5.9
-1.3673,-15.1711,5.8
-18.2012,-174.3201,5.9
20.7553,146.6663,5.6
-5.605,153.9863,5.5
1.2996,126.2455,5.7
19.1181,120.2719,5.7
-13.8633,167.249,6.5
-20.687,-70.795,5.7
36.9704,143.3822,5.5
4.557,-76.644,5.5
-4.5306,-106.0719,5.7
-20.7495,-70.633,5.7
-11.5917,166.5235,5.8
-31.3131,-179.5728,5.6
14.6437,-92.0592,5.5
19.0428,-66.8096,6.4
51.1701,-179.2252,5.5
-40.6595,175.8144,6.1
-15.1443,-174.6812,6.1
-15.1091,-174.6902,5.5
-20.4871,172.5205,5.6
-7.1045,120.3147,5.5
13.3556,146.1336,5.8
13.3936,146.1758,5.7
-7.9855,109.2653,6.1
38.2082,20.4528,6.1
38.2889,20.5649,5.6
-19.2592,-63.9189,5.6
-9.5949,161.2282,5.6
-18.5087,-69.3735,5.6
-56.8269,-27.3391,6.1
-11.4671,166.2799,5.7
-32.9076,-177.8806,6.5
38.2637,20.3897,6.0
-4.8976,153.7404,5.6
-7.1916,128.1716,5.8
-61.3939,154.4542,5.9
-20.3954,169.2569,5.5
-11.5493,166.4025,5.5
-15.0691,167.3721,6.5
-60.4256,-45.1914,5.7
-5.9651,154.435,6.0
-8.2076,124.5284,5.5
35.9053,82.5864,6.9
35.8221,82.4667,5.7
-22.354,-68.813,5.6
-20.6254,169.8532,5.6
-22.9553,-114.3303,5.6
18.5285,120.4305,5.5
-34.7981,-179.4181,5.6
14.6682,-58.9272,6.5
-4.9229,153.7758,5.8
-14.1648,-75.5997,5.9
-60.2444,-47.2746,5.5
4.1306,62.8765,5.6
4.1326,62.6332,5.6
4.0592,62.5996,5.5
4.2246,62.5227,5.5
53.6047,-171.821,6.1
12.5559,-87.6879,6.2
-6.2859,154.8444,5.8
27.4312,127.3674,6.5
14.1833,-93.1535,6.0
-33.6046,-71.957,5.7
-14.7378,169.8234,6.3
-14.7947,167.2548,5.6
-5.7523,154.1211,5.6
-28.152,-176.6437,5.7
1.6575,-79.3537,5.6
16.0414,-98.3358,5.8
40.8287,-125.1338,6.8
-5.4804,147.9554,5.9
-60.8623,-19.9775,6.4
-3.0856,148.5531,6.1
-23.5928,-175.0857,5.6
33.6842,131.8249,6.3
41.9039,-126.8982,5.5
7.7631,94.3128,5.5
-53.5105,25.2378,5.5
-14.0848,-76.3113,6.1
-5.5745,-80.9709,6.3
-19.9807,-70.7022,6.7
-20.0168,-70.8837,6.4
-53.1677,-32.3157,5.8
-19.9262,-70.7961,5.8
-5.298,152.9064,5.8
24.109,122.2613,5.8
-27.8839,-177.1289,5.8
-60.731,-25.3287,5.5
-5.251,152.7899,5.6
-5.1882,152.8343,5.8
7.7448,94.3342,6.4
7.5417,94.2698,5.5
-19.7625,-70.874,6.2
-19.7163,-70.9515,5.6
-20.6741,-178.8113,5.9
-19.6899,-70.8538,6.3
-19.8239,-70.7651,5.7
-19.8288,-70.8824,5.6
-19.5932,-70.8207,5.7
-26.1692,179.2877,6.3
28.19,131.5108,5.5
-12.0989,166.5894,6.0
-29.1646,-68.7459,5.7
11.6487,-86.5532,5.6
-17.0544,-176.7788,5.5
-0.848,-21.9196,5.9
-19.511,-69.174,5.6
-8.3029,146.9838,5.6
-19.6097,-70.7691,8.2
-19.8927,-70.9455,6.9
-19.4928,-70.166,5.8
-19.7831,-70.719,5.7
-19.548,-70.7269,5.6
-19.7029,-70.9445,5.6
-20.0759,-70.8325,5.5
7.94,-82.34,6.0
39.1648,141.8049,5.5
-20.3113,-70.5756,6.5
-20.5709,-70.4931,7.7
-20.7468,-70.531,5.5
-20.6403,-70.7332,5.5
-20.7969,-70.5865,6.4
-5.2416,102.2802,5.7
-20.6426,-70.654,6.3
-10.5365,161.7027,6.0
37.2833,23.8711,5.6
-32.7997,-71.5803,5.6
-20.1273,-70.8513,5.7
-20.5124,-70.9226,5.6
-49.854,-114.2804,5.6
-19.2441,-173.371,5.8
12.4029,-86.3783,6.1
-20.659,-70.6472,6.2
-6.5858,155.0485,7.1
-6.7878,154.9502,6.5
-6.8795,154.9753,5.7
-6.7203,154.9626,5.7
11.642,-85.8779,6.6
-7.1033,155.238,6.1
-7.1799,155.0491,5.8
-11.2701,162.1481,7.6
-11.3677,162.237,5.8
-11.2753,161.9895,5.6
-11.2941,161.9782,5.7
-20.5664,-70.747,5.5
-11.4633,162.0511,7.4
-11.4721,162.3912,5.7
-11.21,161.9284,5.6
-11.1284,162.052,6.6
-11.2397,161.8756,5.8
-11.3052,161.8184,5.6
-53.4967,8.722,6.8
-36.0868,-101.2428,5.6
4.5162,122.9351,5.8
-55.0442,-129.5313,5.6
-62.8705,155.7431,6.2
-11.1387,164.8139,6.1
17.397,-100.9723,7.2
67.7185,-162.6679,5.6
-62.7789,155.5194,5.8
-6.6558,155.0869,6.6
-6.7547,155.0241,7.5
-7.0167,154.7155,5.8
-6.9524,154.8133,5.6
-20.0283,-70.9196,5.8
-6.9778,155.0116,5.5
-7.1646,155.3351,6.2
-26.5546,-115.0222,5.9
-6.832,154.546,5.8
-6.2237,154.4348,5.6
-6.6311,154.7467,5.6
49.6388,-127.7316,6.5
-24.0058,-176.6671,5.9
-56.3998,-143.7774,5.7
-20.752,-174.7068,6.1
-1.1669,-13.4579,5.7
-21.4542,170.3546,6.6
1.9623,97.9671,5.9
-18.6007,-175.3952,5.6
-3.8148,127.4008,5.7
37.852,144.2342,5.6
67.6302,-162.2066,5.5
22.276,144.0124,5.6
-24.6108,179.0856,6.6
-25.8072,178.2401,6.3
34.9118,139.4186,6.0
19.6557,99.6696,6.1
-36.1703,-97.054,6.3
-6.9599,154.9011,6.0
17.2349,-100.7461,6.4
-18.9616,-175.5359,5.9
17.2192,-100.8122,6.0
60.0035,-152.1323,5.6
-3.4336,146.1109,5.9
-47.8539,99.689,5.8
-13.8826,167.2398,5.6
-49.9403,-114.7995,6.5
7.2096,-82.3045,6.5
-22.7239,-66.4407,5.6
6.4507,144.9238,6.1
6.4264,144.9363,6.3
9.3832,122.0604,6.3
-22.5327,172.9979,5.5
17.0863,-60.3648,5.9
-23.4456,-68.5388,5.5
-19.9874,-70.8968,5.6
-54.2473,-146.6847,5.7
-56.2451,-27.534,5.5
-14.6681,-175.53,5.7
4.2485,92.7574,6.0
-21.3041,169.8451,5.6
-14.8047,-175.9032,5.6
3.1506,93.8608,5.5
-4.4173,-105.9421,5.8
-4.7721,-105.5478,5.5
-57.0334,-25.1486,5.7
23.7553,121.5005,5.6
17.121,-95.0729,5.8
18.2012,88.0376,6.0
-55.3968,-28.2771,5.5
24.9737,97.8437,5.8
18.9494,145.0446,5.7
45.0099,-27.8369,5.5
16.526,-98.141,5.7
40.2893,25.3889,6.9
0.6863,-26.3229,5.9
18.045,-68.3509,5.8
24.9997,97.845,5.9
-55.3059,-128.5812,5.5
9.3864,126.4726,5.7
-21.302,-69.999,5.6
18.7876,-107.469,6.2
2.017,89.7759,5.7
-54.966,-129.6226,5.6
59.0268,-136.7479,5.7
-29.1504,-112.4834,5.9
-14.8641,-175.0007,5.5
67.7245,-162.3749,5.5
40.3731,51.5739,5.5
50.6829,157.0663,5.5
-46.0293,-13.8844,5.8
36.4544,70.7174,5.6
-10.1229,91.0921,6.5
39.4384,140.9876,5.5
36.6041,141.7237,5.5
37.0961,141.1141,5.6
1.6444,-79.2557,5.7
67.6973,-162.6119,5.7
-19.9749,-70.9451,5.7
-13.5585,166.8278,6.2
-19.841,-70.8701,5.8
-19.8027,-70.9223,5.6
-19.8101,-71.0037,5.8
-29.9772,-177.7247,6.9
-29.9379,-177.5159,6.5
-29.9414,-177.6073,6.7
51.8486,178.7352,7.9
51.8246,178.4767,5.7
-30.1701,-177.1876,5.6
51.9558,178.4563,6.0
51.9357,178.4288,6.0
-30.1522,-177.5733,5.6
-29.9669,-177.2485,5.9
51.9593,178.5844,6.0
51.9091,178.4438,5.8
52.2045,176.6981,6.3
52.2488,176.4606,5.7
24.3877,142.6278,6.2
-55.4703,-28.3669,6.9
-55.4067,-28.106,5.8
-55.3584,-28.1075,6.0
-14.7798,-175.2589,6.4
-14.9831,-175.5096,6.7
-15.3533,-175.6595,5.9
0.0541,-17.3427,5.6
28.3404,138.8441,6.2
-56.62,-141.7836,5.6
-62.3014,155.1868,6.0
55.2568,166.9008,5.7
55.2557,166.8841,5.8
52.1253,178.4648,5.7
-30.4601,-176.4451,6.3
-7.0168,155.9036,5.5
-6.2304,152.8075,6.5
39.648,142.0802,5.7
1.9335,96.9388,6.0
-21.1445,173.9522,5.8
14.724,-92.4614,6.9
42.6676,141.3472,5.5
-17.6864,168.3982,6.2
-62.1149,164.919,5.8
37.0052,142.4525,6.5
-55.4163,-27.9709,5.6
-55.3411,-27.9186,5.6
-4.0484,151.2699,5.8
-20.2585,-70.3475,5.5
-8.8188,111.2529,5.5
5.7144,126.4776,6.3
-4.1115,151.3872,5.8
-4.1972,151.3845,5.7
-4.1785,151.3765,5.6
60.3491,-140.3333,6.0
-15.8239,-174.4517,6.2
11.7448,57.6382,6.0
44.6419,148.7838,6.2
-19.8015,-178.4001,6.9
-20.2267,-68.6776,5.6
58.3062,-136.9601,6.1
-60.0379,-18.6749,5.8
23.724,-45.5809,6.0
7.5014,136.769,5.6
-6.9216,143.873,5.6
17.6818,-95.6533,6.3
-3.422,146.769,6.0
35.3766,-36.2607,5.5
-7.1633,154.8448,5.9
12.4337,95.2033,5.8
36.8561,3.181,5.5
-9.1421,67.337,5.5
-55.4278,-28.3088,5.6
0.8295,146.1688,6.9
0.9871,146.2597,5.7
28.0487,128.0642,5.7
27.1891,103.4086,6.2
-7.2741,128.0364,6.2
41.1585,142.1309,6.1
5.8688,127.1348,5.6
27.6814,-111.6319,5.5
-29.9735,-176.0965,5.5
-41.3326,-84.9562,5.5
13.9091,144.9757,5.6
-3.4459,145.4342,5.6
32.703,47.695,6.2
32.72,47.69,5.6
32.5827,47.7037,6.0
32.636,47.736,5.6
52.5074,175.3783,5.5
-59.1064,-17.1165,5.5
-5.2854,150.6889,5.9
-6.5859,146.8182,5.5
-20.1745,-69.0385,5.6
-32.6953,-71.4416,6.4
38.2151667,-122.3123333,6.02
-55.323,-28.5152,5.5
-14.598,-73.5714,6.8
-16.126,-73.1133,5.5
-15.5674,-177.8307,5.6
-15.0455,167.3911,5.9
32.0864,132.0682,5.8
36.685,23.706,5.8
-41.8341,84.8674,5.5
64.681,-17.495,5.5
-15.0604,-173.3796,5.8
-15.0246,-173.5213,5.5
-14.8901,-173.0278,5.7
-26.6424,-114.7393,5.9
-21.3869,-173.3232,6.0
-26.708,-114.2499,5.8
-26.6478,-114.5,6.1
-26.7652,-114.4718,5.9
18.7529,-107.0488,6.2
64.5442,-17.395,5.5
-0.2422,125.104,6.2
-0.1835,125.1251,5.9
-0.2002,125.0922,5.6
64.5728,-17.3974,5.5
-6.308,151.7171,5.5
36.0873,139.8502,5.5
13.7641,144.4294,6.7
50.5415,150.1349,5.5
-0.7667,134.3003,5.5
27.9401,139.597,5.5
-56.0228,-27.7792,5.7
-5.3952,151.7372,5.5
-23.8009,-66.6321,6.2
-9.4618,156.4122,6.1
61.9449,-151.8159,6.2
12.5193,95.2254,5.5
-19.1319,-176.3434,5.7
64.5075,-17.315,5.6
1.6025,67.7354,5.5
-17.8303,-178.5952,5.5
-6.0706,149.5329,6.0
52.3188,158.0527,5.7
40.1565,142.7657,5.5
11.3267,122.1187,5.5
17.418,-94.822,5.6
-49.7979,125.7688,5.5
15.4121,147.2265,5.7
64.5298,-17.1994,5.5
23.3834,100.4702,6.1
23.8441,-108.3311,6.1
30.3137,-41.8857,5.6
-32.1082,-110.8112,7.0
-32.0953,-110.8647,6.6
-32.6135,-111.656,5.7
-31.9909,-111.1953,5.7
-32.1648,-110.836,5.6
41.0272,143.1649,6.1
16.025,-95.649,5.5
57.282,-33.2667,5.6
-46.2066,165.9628,5.8
12.5262,-88.1225,7.3
-34.8164,179.864,5.7
64.4814,-18.0043,5.5
32.5273,47.8065,5.7
31.7863,140.5047,5.5
-3.3258,150.8427,5.8
-61.9473,161.3242,5.7
0.6623,-77.8895,5.6
-63.4595,169.6619,5.6
27.4158,128.5533,5.8
-10.5571,-74.0836,5.7
9.7575,126.7514,5.5
-15.2954,-174.6752,6.0
-6.9881,117.5894,5.7
-31.9202,-111.107,5.8
-31.852,-111.2436,6.0
-19.6903,-177.7587,7.1
-61.2203,154.2778,6.0
4.6657,-32.6801,5.5
-41.7317,79.9602,6.3
4.78,95.0654,5.5
-5.9873,148.2315,6.6
-22.773,171.4529,5.9
-21.631,-68.725,5.6
-30.0426,-177.8549,5.7
1.1343,-85.3828,5.5
-15.2155,173.0845,6.0
-18.4981,169.1149,5.5
1.8929,126.5217,7.1
1.6728,126.2983,5.9
-0.1448,123.8891,5.9
1.7859,126.5628,5.5
-37.6478,179.6621,6.7
-9.5484,155.1391,5.8
-36.0008,-102.1971,5.5
-46.3484,33.8037,6.1
7.484,94.359,5.6
1.8693,126.4751,5.8
37.3226,141.6082,5.6
23.5081,93.5148,5.6
20.6545,120.0724,5.8
2.2999,127.0562,6.5
30.3398,101.7374,5.9
36.6408,137.8875,6.2
45.8977,27.1505,5.6
-5.9626,154.9618,5.6
30.1884,101.7618,5.6
1.9604,126.5751,6.8
1.8122,126.4582,5.6
5.7314,61.381,5.6
2.3835,127.0084,5.8
-48.8526,164.4453,5.7
6.1572,123.1261,6.6
-2.9324,122.423,5.5
23.3363,100.4736,5.6
23.3577,100.533,5.6
7.9824,-82.7339,6.0
-6.11,130.4829,6.0
-6.5108,154.4603,6.6
-6.4606,154.2587,5.6
13.7465,-91.3822,5.9
13.6717,-91.4731,6.1
7.9401,-82.6865,6.6
50.3161,158.0836,5.6
1.5378,126.232,5.7
25.5403,122.4503,6.1
-56.7511,-25.4248,5.5
-18.9043,-176.4443,5.8
-3.8295,100.1432,5.9
-56.6279,-25.3698,5.5
16.1951,-61.8091,5.6
37.4017,141.5534,5.9
2.0892,126.6483,6.3
-54.1054,-146.0942,5.8
-56.3004,147.2567,5.5
-56.3945,147.336,5.9
6.5189,-82.3463,5.9
-17.9261,-179.49,5.5
8.6341,121.5213,6.1
-56.659,-24.8509,5.6
-20.3263,-178.5639,6.0
-4.4378,144.002,5.8
13.7483,120.6673,5.5
6.5739,60.3653,5.5
-43.0546,171.2364,5.6
55.2049,163.2446,5.6
5.9045,-82.6576,6.5
-61.6118,161.3346,5.7
-5.655,68.3613,5.6
-21.6328,-68.5339,5.5
14.7709,120.2456,5.9
15.4767,-93.3808,5.5
-5.587,133.9223,5.6
-22.237,-63.1461,5.6
-5.7726,131.8634,5.5
51.9238,179.578,5.5
-35.4555,-105.7571,5.7
4.6079,119.7571,5.5
14.9801,-91.4588,5.5
-5.6549,146.3279,5.7
-17.0309,168.52,6.8
-54.6751,-136.7703,5.6
1.3368,97.2402,5.7
-20.9665,-178.3032,6.2
40.3178333,-124.6066667,5.73
-19.2852,-174.171,5.6
-21.2452,170.158,6.0
15.241,147.1244,5.5
-12.3801,166.7543,5.5
-21.2735,170.2648,5.7
-49.3181,-8.1198,5.6
-1.539,145.2141,5.9
-32.7183,-67.1231,6.3
52.2224,-168.6035,5.5
-25.7381,-175.8779,5.5
5.222,-82.6217,5.7
-2.4318,119.3699,5.6
-23.5605,-66.7204,5.5
-23.1125,-66.688,6.7
-65.5984,-179.601,5.8
19.3552,-105.7405,5.5
52.6487,-31.9016,7.1
22.6374,121.427,6.2
-55.52,-28.2591,6.2
39.8558,142.8808,6.7
40.1095,141.8914,5.5
39.5696,143.5829,5.5
8.3227,-103.159,5.5
8.285,-103.0536,5.5
-10.7598,164.1216,6.1
-53.4419,159.3522,5.5
-16.4311,168.1483,6.4
39.8244,143.5871,6.2
39.8185,143.4861,6.0
2.7299,-76.5012,5.5
18.6766,-106.848,6.2
39.6546,143.1982,5.8
6.0816,119.8398,5.7
31.0659,141.8201,5.9
-7.2968,122.5348,7.0
16.9041,145.8303,5.7
0.0241,124.4702,5.6
13.4392,-90.9992,5.5
-59.561,-150.6522,5.5
-0.7789,98.7161,6.1
-41.3157,80.6046,6.0
50.5075,-173.29,5.6
-6.5331,151.7342,5.6
6.5308,-82.6541,5.8
6.7757,-72.9875,6.2
-22.2789,-176.3784,5.5
18.7532,146.4233,5.8
-0.5409,122.3067,6.1
-4.0737,152.0288,5.9
-17.8236,-178.5653,5.5
1.6686,126.5217,6.2
-36.1167,-73.5219,6.2
-4.7852,154.8778,5.6
13.2251,145.7186,5.5
-18.3534,-69.1663,6.4
23.7235,121.75,5.5
-1.2012,-77.5836,5.5
-22.2167,-68.6175,5.6
-18.2822,176.7927,5.5
0.4002,121.9895,5.9
1.6535,126.4846,5.6
-4.7294,152.5623,7.5
-5.2049,152.6038,5.7
-15.4296,-173.049,6.0
-15.392,-172.9409,6.4
-15.4994,-173.0293,6.5
-39.2859,78.0903,5.9
-15.4261,-172.8635,5.8
-10.959,162.4863,5.6
-4.915,152.4751,5.7
-4.8946,152.49,6.0
-16.0213,-172.8346,5.5
-17.8607,-178.5831,5.9
-23.0158,-176.3463,5.5
-6.2934,147.7519,5.9
-5.5476,152.7221,5.5
-15.1676,-173.2247,6.3
-13.7935,65.858,5.7
2.1173,126.6945,5.5
-15.1965,-173.3499,5.6
35.1891,26.8235,6.0
-15.8815,-178.6005,6.5
24.2026,122.3158,6.4
-5.6841,102.4776,5.7
24.0851,122.453,6.0
24.0471,122.4532,6.1
-12.039,166.432,6.2
-42.0602,173.0066,6.1
51.6148,-130.7714,6.2
28.2305,84.7314,7.8
27.6285,85.5398,6.1
27.6857,86.0213,5.6
28.2244,84.8216,6.6
27.8822,85.7505,5.5
28.3902,87.3173,5.7
27.7711,86.0173,6.7
-8.3237,-79.8322,5.6
-20.8865,-178.6329,6.1
17.1089,-95.0355,5.5
-60.3933,-26.9077,5.8
-5.375,151.7706,6.7
-5.2005,151.7773,6.8
-5.4912,151.8715,6.0
31.5293,140.213,5.7
-5.6314,151.6757,6.0
-5.5228,151.8552,5.5
-5.5385,151.9265,5.9
-44.5226,168.8833,5.6
-61.4428,154.2683,5.7
-5.4624,151.8751,7.5
-5.3494,152.0278,5.8
-5.4716,152.1638,5.6
-5.5289,152.2351,5.8
-15.3785,67.2078,5.5
-7.2175,154.5567,7.1
1.5404,97.9026,5.7
-6.1204,149.8228,5.9
14.8388,-94.0135,5.6
31.2373,142.0157,6.0
27.8087,86.0655,7.3
27.7141,86.2177,5.5
27.625,86.1617,6.3
38.9056,142.0317,6.8
-2.542,102.2191,6.0
27.5603,86.0734,5.5
-12.0807,165.8102,5.6
-41.5553,80.3254,5.7
-7.148,154.4418,5.7
-18.6153,168.5853,5.8
-54.3312,-132.1618,6.7
-19.3021,-175.5247,6.0
-10.8759,164.1694,6.8
-9.8042,160.3336,5.7
-11.0559,163.6959,6.9
-11.1093,163.2154,6.8
-4.7846,152.5914,5.9
-16.855,-14.1708,6.3
-19.3933,-175.9627,6.2
-59.653,-26.4546,5.8
-22.057,-68.5076,5.6
-0.3277,135.7341,5.8
-58.7355,-25.2138,5.7
56.594,-156.43,6.7
-47.3578,99.9237,5.9
27.8386,140.4931,7.8
-15.7216,-173.3817,6.0
30.7856,142.9722,6.2
44.4584,-129.8114,5.8
44.4971,-129.9582,5.9
5.9867,116.5409,6.0
-37.1708,78.1817,5.6
41.5615,142.0308,6.1
-56.032,-143.8281,5.6
39.6795,143.319,5.8
-22.4,-68.4323,6.0
39.672,143.331,5.7
39.608,143.3457,5.7
-15.6758,-173.0098,6.0
-24.5961,-176.159,5.5
-9.742,125.2517,5.8
4.1537,125.8447,5.7
-20.3944,-179.0024,5.9
-35.3639,-17.1605,7.0
-36.3601,-73.812,6.4
-36.3656,-73.7481,5.5
-59.6293,-26.5027,5.7
-23.5295,-177.0845,5.9
-20.4307,-178.3276,6.0
-19.5686,-175.0399,5.5
27.7375,139.7254,6.5
27.707,139.7745,5.5
27.6475,140.0686,5.6
61.6644,-151.962,5.7
-32.0722,-178.3241,6.0
29.0402,34.6672,5.5
-16.0251,-74.2558,5.8
36.6802,71.3004,5.5
-5.4513,151.5457,6.0
-52.2069,159.5935,5.7
-10.9911,162.5558,6.0
37.4593,78.1542,6.4
11.4234,95.032,5.5
10.1691,125.8907,6.1
-56.6001,-142.1098,5.6
-20.7139,-174.5001,5.8
43.9097,147.9748,6.3
-35.4246,-179.6208,5.6
-35.4058,-179.7237,5.6
-13.329,-111.6323,5.9
-13.3864,-111.3022,5.7
-22.9379,-177.1329,5.8
13.2949,-90.244,5.6
40.3631,141.4646,5.5
-9.307,158.403,6.7
2.9918,128.1869,5.5
33.0229,131.7493,5.5
13.8769,-58.4736,5.7
13.8672,-58.5479,6.5
-18.1214,-178.1887,5.8
-10.4012,165.1409,7.0
-35.5251,-105.0838,5.7
-0.6942,-21.1776,5.5
-8.2477,108.9163,5.5
-9.2585,112.6695,5.9
-18.024,-174.0685,5.8
52.376,-169.4458,6.9
52.7811,-169.5781,5.9
52.208,-169.4223,5.7
52.2572,-169.3458,5.9
52.3581,-169.0816,5.5
52.4977,-169.7473,5.6
52.2564,-169.3455,5.7
-2.6286,138.5277,7.0
8.2309,-77.3152,5.9
59.8935,-153.1961,6.3
-25.3727,154.2281,5.5
-27.0321,-176.0466,5.6
-56.9716,-140.9507,5.7
-16.4701,-174.3557,5.7
16.1408,-93.664,5.7
-26.4576,-178.2511,6.0
-2.1412,28.8973,5.8
-2.0913,28.9515,5.5
1.0861,-85.2083,5.6
1.0467,-85.2705,5.6
-18.0441,-174.141,5.7
-27.4539,-176.2457,5.8
-9.3438,158.0525,6.6
-9.2998,157.9543,5.9
-19.6389,-174.8533,5.6
36.5326,71.2147,5.9
-27.0812,-176.2405,5.5
-27.0523,-176.2728,5.7
-31.6968,-71.6227,5.5
-9.3286,157.8422,5.6
-9.3293,157.8772,6.5
-37.0152,78.0623,6.0
-36.8531,78.3516,5.6
-3.9835,152.8909,5.6
23.9689,122.4897,5.6
-27.315,-176.0525,5.7
21.1039,-45.8517,5.5
-10.8968,163.8226,6.4
51.6744,-175.1577,5.7
21.952,146.6278,5.7
13.7124,51.7823,5.7
0.4854,126.5894,5.8
-8.0603,149.553,5.5
-29.7191,-71.2958,5.7
-30.6502,-178.7298,6.0
-57.4999,-25.8754,5.8
31.2841,141.7062,5.6
31.1806,141.6,6.0
4.4132,124.6314,5.7
2.0551,126.6816,5.5
51.371,-174.3382,5.5
49.3613,155.6819,5.8
-24.2427,179.1278,6.0
-32.8199,-177.8599,6.3
-32.8265,-178.198,5.9
-33.0304,-178.5336,5.8
14.337,-94.137,5.7
-33.1147,-178.2046,5.5
-49.5321,-116.3317,5.9
52.0985,-169.5349,6.0
-5.9797,146.6564,5.5
-32.6066,-178.0287,5.9
-6.1236,147.3658,5.5
24.8094,-109.5138,5.6
24.913,-109.6226,6.7
1.8841,126.4288,6.3
-6.0114,151.4768,6.1
-31.5729,-71.6744,8.3
-31.618,-71.745,6.4
-31.7502,-71.7425,6.1
-31.1055,-71.405,5.6
-31.5743,-71.6717,5.7
-31.6,-71.9189,6.1
-31.5622,-71.4262,7.0
-31.1674,-71.772,5.7
-30.7179,-71.8037,5.5
-31.7842,-72.0222,5.9
-31.7363,-72.0265,5.8
-31.1043,-71.6504,6.4
-30.9669,-71.5398,5.5
-31.4244,-71.6876,6.5
-31.2244,-71.926,5.7
-31.5173,-71.804,6.7
-31.4167,-71.98,5.5
-31.8011,-72.1309,5.5
53.2985,159.7085,5.5
-32.9149,-71.6064,5.9
-32.1432,-72.3779,5.9
-30.9102,-71.9829,5.7
-29.9614,-71.8851,5.5
-32.2292,-72.3678,5.6
-32.3681,-72.2292,6.2
15.2767,-45.9886,6.0
-29.6411,-72.077,6.1
-31.0999,-71.5902,5.7
-32.3335,-72.0629,6.2
-30.5256,-72.1984,5.6
-31.5757,-71.7431,6.1
-31.7275,-71.3792,6.6
-31.0458,-71.82,5.5
-31.7819,-71.6407,5.6
-31.4441,-71.2653,6.0
50.7832,-130.2084,5.7
-0.6212,131.2622,6.6
-10.1917,160.5201,5.8
-30.8148,-71.3217,6.3
5.2649,123.7966,5.5
-6.278,151.6661,5.5
-57.0947,-142.4382,5.9
-7.1772,129.6047,5.5
-23.8028,-66.6126,5.9
-56.1948,-27.7153,5.7
-37.4557,-73.6761,5.8
-30.301,-71.551,5.9
-30.3105,-72.1018,5.5
-30.3035,-71.5318,5.9
51.9487,-179.2558,5.7
-31.7323,-71.7325,5.5
-60.7167,-20.8492,5.5
-54.4856,-135.708,6.1
-31.1849,-71.8227,5.6
-40.5837,176.2884,5.6
48.8595,156.2259,6.0
55.5962,159.2114,5.6
-25.4674,-64.4839,5.8
-42.6607,-82.4526,5.6
-16.2018,-173.2608,6.0
13.8654,120.6172,5.8
27.0743,140.2123,5.7
-57.4332,-65.8872,5.6
-14.8595,167.3028,7.1
29.6377,70.326,5.6
-54.2258,6.1653,6.2
-45.8146,37.1711,6.0
-2.1661,138.2666,5.8
-30.2199,-179.3319,5.5
-29.3334,-177.7961,5.8
36.459,70.6847,5.9
36.5244,70.3676,7.5
-10.9788,166.3796,5.8
-23.2468,-68.4169,5.8
22.7548,121.6561,5.5
51.5815,-173.3339,5.8
-8.2825,124.9069,5.7
-8.3381,124.8754,6.5
-3.5489,149.7071,5.6
-3.7259,150.9036,5.5
-29.4642,-72.3015,6.2
-30.8796,-71.4519,6.8
-30.7227,-71.3904,5.7
16.4895,119.8464,5.5
-17.3194,-69.4287,5.7
0.7863,98.8905,5.7
6.8782,94.5455,5.5
51.5002,-172.9113,5.6
51.5345,-172.9785,5.7
6.8431,94.648,6.6
6.984,94.534,5.6
6.4078,94.8019,5.5
51.6394,-173.0746,6.5
6.2386,147.6443,5.6
-29.5067,-72.0068,6.9
-29.5097,-72.0585,6.9
-9.1387,-108.6442,5.6
-8.9416,110.2187,5.5
-7.2493,128.93,5.8
-29.8492,-64.4985,5.6
31.0009,128.8729,6.7
31.4417,128.8428,5.7
17.8398,-81.8219,5.8
48.3334,154.2439,5.9
38.67,20.6,6.5
40.3762,73.2038,5.6
-8.8994,158.4217,6.8
26.3565,142.6429,5.8
-7.1484,129.9375,6.1
-30.5754,-71.7676,5.8
36.4344,71.4233,5.7
16.9762,-98.9116,5.6
18.7787,145.2659,6.0
-0.0981,-17.834,5.5
-10.5372,-70.9437,7.6
-10.0598,-71.0184,7.6
1.4305,126.2904,5.7
-9.1825,-71.2574,6.7
13.0906,-88.9476,5.6
-24.828,-70.6009,6.2
43.3856,146.4353,5.6
-30.3688,-72.151,5.6
-23.5597,-64.6521,5.8
-23.4779,-64.5862,5.5
-8.791,67.6967,5.5
-14.8839,-176.5573,5.8
-47.6165,85.0913,7.1
-18.1602,-178.694,5.6
38.2107,72.7797,7.2
-31.3985,-71.2624,5.5
41.7307,74.6053,5.5
14.2197,-90.8905,5.7
-30.8096,-71.7519,5.6
-4.1064,129.5079,6.9
-16.7374,175.2475,6.1
-35.8838,-73.2763,5.5
-58.88,-23.9062,5.7
-41.1083,-90.0703,5.5
15.8015,-93.633,6.6
-18.3819,169.3857,6.0
-8.3684,107.0225,5.7
-30.6053,-71.3057,5.8
3.6455,117.6359,6.1
-4.4354,151.9782,5.7
-54.1759,-1.4943,5.8
-55.755,-123.1158,6.2
-7.2182,128.9775,5.8
-40.7281,-86.4356,5.8
36.4935,71.1263,6.3
14.6571,-61.3454,5.6
-6.2452,154.7595,5.8
11.1535,-86.6205,5.8
-50.5575,139.4489,6.3
-28.6278,-177.281,5.8
44.8069,129.9406,5.8
24.8036,93.6505,6.7
30.6132,132.7337,5.8
-54.2906,-136.2603,6.0
22.0669,143.6108,5.7
-30.664,-71.6383,5.7
-57.6576,-147.9486,5.6
3.8965,126.8621,6.5
44.4761,141.0867,6.2
-31.3385,58.1916,5.9
36.5979,70.9503,5.7
-15.1703,-174.875,5.9
-19.7597,-63.3288,6.1
41.9723,142.781,6.7
-15.6408,-177.1557,5.6
-53.2602,159.7523,5.5
9.6862,126.3095,5.6
-3.8727,127.2292,5.6
-21.4088,176.1244,5.8
22.8626,121.3206,5.6
37.6709,101.6409,5.9
-30.8839,-178.5829,5.5
18.8239,-106.9337,6.6
-13.7207,172.06,5.6
59.6363,-153.4051,7.1
-19.5324,-173.3833,5.7
35.6493,-3.6818,6.3
3.2058,128.392,5.5
-5.2952,153.2454,6.1
-5.3105,153.2532,5.5
1.0248,-28.1447,5.7
53.9776,158.5463,7.2
-3.1401,146.9814,5.5
-2.8659,147.1385,5.7
-63.263,169.1485,6.1
-30.7539,-179.9504,6.2
25.5745,123.4476,5.7
22.9375,120.6014,6.4
-16.9899,174.9389,5.7
-15.2216,-173.3951,5.8
-6.6207,154.7421,6.4
-30.5723,-71.5838,6.3
-9.6338,119.4013,6.3
-43.4798,172.7715,5.8
30.2966,138.8823,5.7
-20.9981,-175.4788,6.0
-49.0481,164.4987,5.9
-16.4442,-73.6045,5.7
-55.7841,-125.1659,6.1
0.8597,129.0605,6.0
-56.2549,-27.5661,5.6
-21.9559,-179.4072,5.8
4.6999,-32.6275,5.5
24.5533,142.4073,5.6
-30.4242,-72.2967,6.0
-63.0433,145.002,5.8
-62.2092,155.2569,5.7
-51.7897,139.5956,6.1
5.2757,125.3322,5.5
-32.9373,-178.3856,5.6
-4.9521,94.3299,7.8
-4.794,94.4101,5.6
-9.7645,125.316,5.6
-3.3298,148.8245,5.9
-3.0988,148.8388,5.6
-32.9625,-178.2218,5.5
-15.1081,-173.4281,5.9
51.4497,-173.9725,5.6
51.5648,-173.9423,6.3
29.8888,128.9567,5.5
-56.4283,-27.0089,5.6
-52.6136,18.7984,5.6
4.725,125.1481,5.5
-4.5473,153.0955,5.6
-12.5112,166.6214,5.5
38.0233,72.4114,5.6
49.673,-129.8485,5.5
51.5145,-174.1423,6.0
-5.5662,129.4922,5.7
11.8676,-88.7677,5.6
17.996,-60.7019,6.0
54.294,162.8129,6.4
27.7676,66.0962,5.6
-2.6503,68.0253,5.6
52.175,-168.6554,5.8
30.2073,-114.3078,5.5
52.29,-168.6929,5.5
-56.2536,-27.6408,5.5
2.3874,126.1019,5.5
33.3807,136.3901,5.9
-3.3585,144.887,6.2
57.008,-157.9321,5.9
-14.3235,166.8551,6.9
4.2073,126.6515,5.9
-14.1516,166.7012,5.8
-14.0683,166.6245,6.7
-14.2026,166.6391,5.9
-8.2036,107.3857,6.1
-6.0292,130.4296,5.5
-13.9805,166.5943,6.7
-4.1489,102.211,5.7
16.0557,-96.2563,5.5
36.4725,71.1311,6.6
51.1243,179.5394,5.6
51.8545,176.6748,5.6
-3.7568,-103.9367,5.8
-55.2497,146.1742,5.5
23.0944,94.8654,6.9
7.7917,122.0231,6.0
53.77,160.8036,5.8
-14.4907,166.5026,5.9
32.788,130.7042,6.2
32.6973,130.7204,6.0
-14.5284,166.4334,6.4
-7.459,128.1235,5.6
2.0125,127.0004,5.6
13.4008,-92.367,6.1
32.7906,130.7543,7.0
32.9241,130.8091,5.7
33.0051,131.1569,5.5
-29.5755,-111.5741,5.5
0.3819,-79.9218,7.8
-0.2648,-80.4644,5.5
-0.3852,-80.2013,5.8
-23.4947,-174.2467,5.7
-0.2344,-80.6943,5.6
33.0143,131.0991,5.5
-19.492,169.0934,5.9
-55.7283,-27.2307,6.2
0.5783,-80.0247,5.6
0.639,-80.2104,6.2
0.7079,-80.0352,6.0
13.2,-55.8867,5.6
37.8013,141.6216,5.9
-0.2921,-80.5039,6.0
-0.2814,-80.5039,5.9
0.6128,-80.2522,5.7
-59.3074,-27.027,5.5
-17.6976,-173.2031,5.7
14.479,-93.1509,6.0
-4.5105,140.1922,5.6
14.5178,-93.0882,6.0
24.2309,121.8009,5.5
-16.0429,167.3786,7.0
10.2752,-103.7363,6.6
-16.3487,167.2001,5.8
-5.0262,104.6271,5.7
-6.0785,-107.1631,5.6
43.6954,147.5063,5.7
-55.7642,-143.9055,5.5
-14.855,166.9341,5.7
13.7719,51.7683,5.5
-8.9416,-108.2391,5.6
18.3754,-105.3371,5.6
16.4107,-97.8416,5.8
-62.5795,165.344,5.5
24.6953,121.9839,5.8
24.6833,122.0531,5.7
30.659,66.3878,5.5
-25.4822,179.3397,5.6
8.5599,-102.7916,5.8
-22.517,172.9882,5.8
8.5038,-103.1118,5.5
0.4261,-79.7899,6.7
0.4947,-79.616,6.9
-25.5655,129.8841,6.0
30.9561,140.0808,5.5
26.9924,130.1374,5.9
27.6887,128.5829,5.5
-20.8101,-178.6481,6.4
-21.9724,-178.2038,6.9
-56.2409,-26.9353,7.2
-30.2689,-177.9791,5.7
25.5615,122.5458,6.4
47.5484,154.3641,5.9
55.3979,-158.5143,5.7
-30.2228,-177.9545,5.5
-2.0967,100.6654,6.6
18.0217,-105.8338,5.8
-29.3424,-71.8594,5.8
-4.587,125.6264,6.3
-17.6471,-172.6317,5.6
-30.0235,-177.8359,6.1
-30.0433,-71.4636,5.5
-45.1528,166.8282,5.5
18.3637,-105.1731,6.3
18.5036,-105.2031,5.5
1.2789,126.3712,6.3
-4.061,-104.5531,5.9
-11.2487,116.2669,6.1
12.8318,-86.9633,6.1
-8.6757,160.559,6.2
-7.4584,-13.6003,5.5
-16.4825,-177.2142,5.8
-4.4284,-104.8111,5.7
27.0107,130.1996,5.6
-18.7609,168.8279,6.2
26.9601,130.1941,5.6
-62.3661,166.5804,5.7
-20.5822,168.9219,5.7
-11.6148,166.37,5.7
-24.1467,-67.1526,5.7
-20.2793,169.0737,6.3
20.1726,121.3782,5.6
-20.2072,168.7595,6.0
22.6582,-45.1402,6.1
-3.4199,151.8796,6.3
-60.6729,-42.912,5.5
23.694,123.3704,5.8
-25.7705,-69.3417,5.5
53.9019,-35.3608,5.5
39.4793,73.3388,6.4
36.9968,142.2226,5.7
16.5502,-97.8332,5.7
39.4745,73.341,5.5
-14.6436,166.4585,5.8
-16.0558,167.4701,6.0
-10.6273,164.9682,5.9
-56.7696,-142.0798,5.8
-0.4071,-80.8075,5.5
-35.8108,-103.2511,5.6
-15.0284,-172.8764,5.8
-15.083,-173.2011,6.0
-14.6192,167.3857,5.6
0.5874,-79.6358,5.9
0.5812,-79.638,6.3
-6.4391,147.4614,5.6
-28.0101,-176.4143,5.9
-28.0052,-176.443,6.3
-28.109,-176.5308,5.9
-27.9244,-176.5252,5.8
-28.176,-176.3523,5.6
35.2083,-35.2241,5.5
-30.2523,-71.9722,5.8
-18.9285,169.0547,6.1
47.6981,146.9212,5.8
-6.7596,101.2175,5.5
14.8899,-103.5251,5.5
58.4734,-156.4568,5.6
-15.1308,-173.6725,5.9
0.915,-28.9702,5.7
-49.4848,126.2657,5.8
-49.4245,126.3706,5.5
-26.1067,-70.5111,6.1
-2.969,148.0345,6.4
-0.2711,-18.6431,5.9
-16.036,167.45,5.8
-44.4113,-79.0594,5.9
18.5429,145.5073,7.7
18.7561,145.4878,5.6
-6.9459,155.8087,5.6
-56.2564,-27.5372,5.9
-8.1935,117.8136,5.6
-23.9646,82.5565,5.6
-58.7496,-25.5494,5.6
-22.3343,-66.0078,6.2
24.9447,142.0141,6.3
-23.9235,82.434,5.5
-22.4765,173.1167,7.2
-25.1758,-177.3433,6.1
-27.348,-176.2612,5.5
50.4696,142.2749,5.7
51.5437,179.5022,5.6
-15.6542,-72.0092,5.5
37.4115,141.7203,5.6
-19.8352,148.7233,5.7
-55.9035,-123.2414,6.0
-55.7274,-123.2773,5.5
-55.2852,-31.8766,7.4
-55.335,-30.7714,5.7
-55.215,-32.0659,5.8
-55.201,-32.1126,5.5
-22.9455,173.2749,5.5
40.3942,143.6796,6.0
40.3135,143.7281,5.8
-55.3133,-31.7508,6.1
29.8814,139.1356,5.6
-7.2872,122.4345,6.0
-7.2131,122.5391,5.8
42.723,13.1877,6.2
42.8413,13.1533,5.6
20.9228,94.569,6.8
-2.9097,100.1775,5.6
30.6141,137.8537,5.9
-2.7862,138.4275,5.5
-0.0456,-17.8255,7.1
-3.6849,152.7915,6.8
-37.132,178.9278,5.8
-37.3586,179.1461,7.0
-37.4395,179.4941,5.5
-37.2263,179.093,5.5
-37.0174,178.8907,5.7
-37.0522,178.9291,6.1
-37.0274,179.0179,5.5
-37.2309,178.6028,5.5
0.5533,98.6145,5.5
-37.3176,178.7148,5.5
-55.3295,-30.9179,5.5
-19.5002,-173.7059,5.5
40.3208333,-125.6876667,5.64
36.4251,-96.9291,5.8
20.2816,147.3955,5.5
8.3989,125.8874,5.8
-37.127,178.6986,5.9
54.4153,168.5415,6.1
-10.8889,165.9801,5.6
-54.6136,158.7126,6.1
-31.3775,-65.8254,5.6
-5.573,-76.9536,6.1
-1.0355,31.6181,5.9
-28.7552,-112.3053,5.8
7.3736,-76.1686,6.0
-9.329,159.1673,6.0
12.44,-86.6423,5.7
-29.1551,60.9158,5.5
-2.0829,140.5718,6.0
-4.4346,102.7537,5.5
-16.0566,167.4862,5.8
-2.0354,140.4805,5.8
30.5017,142.0478,6.1
-59.4722,-27.4883,5.5
-21.5525,33.4112,5.6
34.4619,141.6368,6.2
6.5717,126.4918,6.3
45.7275,26.6097,5.6
-32.6081,-178.0078,5.6
-1.9534,140.5974,5.9
-1.8499,140.5604,5.7
-18.1706,-174.984,6.4
-19.7819,-178.2443,6.9
-32.3987,-177.7666,5.6
27.4646,128.578,5.7
12.4417,-86.5146,5.5
-35.6012,-103.8967,5.5
-23.6806,-174.9261,5.6
27.8519,141.9442,5.7
7.1427,-34.3336,5.5
22.6258,121.436,5.8
-4.0427,-103.9169,5.6
-36.0277,-101.0092,5.6
-37.1241,178.64,5.8
1.7703,127.449,5.8
-15.372,-174.8198,5.6
-5.4151,153.5054,5.6
-35.4987,-103.9926,5.5
-4.2735,150.3606,6.3
39.8063,20.6463,5.5
-6.0033,148.8871,6.8
32.8959,94.8768,5.9
-23.3265,-179.843,5.9
15.223,-61.5065,5.6
-4.8626,108.1627,6.6
13.3118,-44.8777,5.6
22.2432,143.7548,5.6
35.3743,133.8092,6.2
44.0505,148.1035,5.9
18.9017,-104.5714,5.6
-35.9934,-102.634,5.5
-15.3889,-174.8281,5.8
-15.4371,-174.8622,6.1
42.858,13.0528,5.5
42.9564,13.0666,6.1
-1.5056,-15.5911,5.6
1.3702,125.758,5.8
53.5855,-163.265,5.9
-33.7771,-72.5321,6.0
-4.6721,153.2156,5.9
39.3881,13.5205,5.8
42.8621,13.0961,6.6
3.4466,-74.4951,5.6
-6.1039,148.6588,6.0
-35.0945,-71.0457,6.3
-8.11,104.8401,5.8
-58.1134,148.1913,5.7
-36.5776,-73.5603,6.0
-4.7403,149.8713,5.9
-50.0472,114.3817,5.7
-20.4275,-178.223,5.6
38.4973,141.5658,6.1
-24.966,178.7853,5.9
6.1142,-82.5906,5.6
-42.7358,173.0499,7.8
-42.4063,173.6606,5.7
-42.2132,173.4319,5.5
-42.3205,173.6694,6.5
-42.0511,174.3037,5.8
-41.6877,174.2061,5.7
-42.1762,173.6227,6.1
-42.3093,173.6961,6.2
-28.8598,-67.4611,5.7
-42.3743,173.9374,5.7
-42.6058,173.2543,6.5
51.0735,178.8402,5.6
-42.3335,173.9064,5.7
-41.7598,174.2992,5.5
-41.7875,174.3064,5.5
-20.2391,-173.0161,5.8
-9.0027,113.2445,5.7
-6.2582,130.4786,5.5
-28.1398,-177.0201,5.6
-31.6259,-68.6363,6.4
-53.7502,140.5246,5.5
37.3931,141.387,6.9
-40.602,177.0387,5.9
-42.9298,173.0041,5.5
27.1773,140.025,5.8
37.2143,141.3209,5.9
11.9065,-88.8957,6.9
55.2049,164.7541,5.5
54.4632,160.5536,5.6
39.2732,73.9776,6.6
43.3828,-127.0346,5.5
-41.8291,88.4676,5.5
-6.9865,131.8204,5.7
-35.2021,54.0219,5.5
-15.3122,-70.827,6.2
52.2532,174.1698,5.9
-22.6371,-176.3381,5.5
4.5051,127.8342,5.7
-7.3158,123.3802,6.3
11.0316,-60.9005,5.9
5.2834,96.1678,6.5
43.8229,86.3451,6.0
40.4535,-126.1936,6.6
-10.6787,161.3214,7.8
-10.2234,161.0792,5.7
-10.8691,161.2302,5.5
-10.8416,161.3137,6.5
-10.749,161.1316,6.9
-11.0704,161.4548,5.5
-10.9719,161.3099,5.5
-10.9552,161.3591,5.8
-10.3938,161.329,5.5
-10.3301,161.3501,5.6
-10.8829,161.2789,5.8
-5.6593,154.4734,6.0
-9.1237,-109.8492,5.8
-10.964,161.5723,5.5
21.2897,144.4037,6.0
21.3697,144.2175,5.5
14.0882,-90.8691,5.5
-4.5049,153.5216,7.9
-4.4244,153.5419,5.6
-5.6497,153.9975,6.3
-10.2137,161.2177,5.9
-34.9886,-107.8694,5.5
-6.3046,154.353,5.9
8.3489,137.6672,6.2
-10.1904,161.2187,5.5
-9.964,-70.9714,6.4
-10.1773,161.2236,6.4
37.1442,84.9583,5.6
-10.1785,160.9149,6.0
-10.1549,160.7816,5.5
-7.5082,127.9206,6.7
21.5036,145.4172,5.9
-5.2453,153.5754,6.0
-5.146,153.5166,5.8
-43.4029,-73.9395,7.6
-43.481,-74.4771,5.6
45.7192,26.523,5.6
38.3754,-118.8977,5.6
38.3917,-118.8941,5.6
38.3777,-118.8957,5.5
36.9179,140.4262,5.9
-9.0283,118.6639,6.3
37.3973,141.4103,5.5
