51.406,-177.868,5.8
-16.767,168.128,5.6
48.088,154.513,5.6
-9.436,119.452,6.0
-20.586,-176.484,5.8
-7.974,126.709,5.5
-56.291,-139.014,5.7
-19.058,-174.922,5.7
33.402,140.826,5.6
-23.871,179.96,6.4
-14.464,166.601,7.5
-14.745,166.471,5.6
-14.662,166.87,5.6
-14.494,166.472,5.5
-14.92,166.772,5.6
-14.953,166.499,5.5
-14.441,166.714,5.6
-15.117,166.896,7.2
-14.851,166.505,5.8
-23.223,-68.335,5.5
54.64,168.735,6.0
-15.317,-173.084,6.2
-15.506,166.639,6.6
-28.919,-178.503,5.7
-22.538,-68.397,6.4
26.022,124.383,5.7
-14.562,166.347,5.5
40.606,77.645,5.5
-12.299,-76.352,6.3
-14.856,167.235,5.6
0.0,-91.524,5.5
-26.889,-65.704,5.8
-38.954,46.18,6.1
-14.434,166.863,7.2
-13.853,166.625,5.7
-14.159,166.589,6.2
-5.54,147.121,5.5
-7.421,127.145,5.5
48.757,154.955,5.5
-9.638,161.155,5.6
-30.924,-178.928,5.6
32.913,104.203,5.7
-7.754,117.496,5.6
-60.3,150.453,5.7
-34.175,-20.237,5.5
-14.364,166.955,5.6
55.204,162.142,5.7
42.126,143.913,6.1
18.923,145.493,5.9
18.596,-103.401,6.1
12.118,143.011,5.5
-7.422,128.578,5.7
-5.157,134.074,6.3
-4.92,134.203,5.6
31.836,131.641,5.6
52.357,-168.74,5.6
-7.461,155.894,7.0
-7.383,155.575,7.1
-47.424,-13.427,5.7
-7.59,156.026,5.6
-6.883,155.229,5.8
-7.121,155.074,5.6
-19.104,169.491,5.6
-5.022,134.006,5.8
-7.23,155.043,5.5
-6.221,104.259,5.6
18.909,120.07,5.9
-7.326,155.5,5.6
-5.133,133.848,5.7
53.799,-164.672,6.5
-3.768,134.016,5.8
-21.377,170.103,5.8
-6.101,104.108,5.5
13.523,120.458,5.5
0.009,122.74,5.8
2.545,98.97,5.6
11.43,92.346,6.0
11.446,92.357,6.1
18.439,146.694,5.6
13.909,122.116,6.1
-30.043,-68.59,5.5
33.151,136.906,6.0
44.041,147.799,5.9
53.321,159.697,5.6
12.21,143.596,5.5
1.271,97.669,5.9
-19.201,169.824,5.5
-36.813,176.851,6.2
-36.695,177.113,5.7
9.336,-84.064,6.2
35.586,140.599,5.6
-20.062,169.712,6.1
-18.836,-177.664,5.5
12.289,-86.386,5.8
-6.604,128.978,6.3
30.916,131.625,5.5
-7.484,156.179,6.5
-7.335,156.193,6.6
0.403,-80.047,5.6
-59.797,-58.838,5.5
48.323,153.2,5.9
8.755,150.946,5.5
-6.799,154.669,5.6
-13.862,166.765,5.8
1.294,98.555,5.7
-14.929,-172.833,6.0
49.9,90.807,5.5
-13.58,166.814,5.5
-54.043,7.105,5.6
-23.931,179.779,6.1
-23.798,178.759,5.6
-21.931,173.707,6.1
12.554,144.257,5.9
27.727,86.11,5.7
-27.267,-175.336,5.7
50.109,-179.657,5.6
57.585,-153.922,5.7
-2.186,139.083,5.6
-6.945,155.288,5.7
-30.79,-65.192,5.5
55.102,-160.44,5.7
55.12,-160.443,6.0
-49.044,164.216,5.5
45.49,148.292,5.5
14.263,134.317,5.5
45.972,21.141,5.6
1.516,126.239,5.5
-38.172,-93.672,5.5
-24.011,178.505,5.5
52.974,-167.375,5.9
-22.844,171.862,5.5
-22.819,171.691,5.6
46.248,145.361,5.5
31.649,119.171,5.5
-9.577,118.118,5.5
-24.535,-68.86,5.5
-8.17,117.849,5.6
-14.962,-72.213,5.8
-26.246,-175.912,6.1
18.276,145.178,5.5
-13.881,172.611,5.5
22.301,121.49,5.5
-17.452,167.907,5.6
37.74,141.707,5.6
-15.201,-173.417,5.7
-16.693,-177.342,6.0
12.728,-44.484,5.8
34.522,138.74,6.5
-21.756,169.747,5.5
-45.982,35.267,5.9
-4.372,-102.109,6.1
28.243,104.015,6.8
1.744,126.381,6.0
19.74,147.274,6.4
-57.901,-7.267,5.9
1.875,126.417,5.5
-19.561,-69.046,5.8
-7.304,155.5,5.6
36.469,70.912,5.5
-6.668,102.645,5.6
-26.272,27.533,5.7
-4.841,153.63,5.5
50.05,156.113,6.1
11.239,-86.046,5.6
-11.173,-75.077,6.0
25.141,125.555,5.8
-6.513,106.837,6.0
-4.89,153.259,5.5
-17.699,167.752,6.0
-20.755,-178.499,5.7
-17.321,167.124,5.5
-17.616,167.491,6.2
50.833,157.349,5.6
60.328,-146.016,5.7
49.952,78.844,5.9
27.226,-111.238,6.3
2.681,125.276,5.5
-15.847,-175.101,6.0
-54.546,158.592,5.5
-2.882,149.087,5.7
4.236,66.541,5.5
-15.443,-175.315,6.0
5.66,-82.579,5.9
-5.753,-80.977,5.7
10.563,-63.382,6.1
64.771,-21.045,5.5
-60.649,-37.598,5.6
52.262,178.791,5.7
28.273,103.954,5.5
-33.416,56.875,6.6
-22.065,-113.589,5.9
-7.007,155.843,5.5
-55.833,-27.451,6.0
63.167,-149.881,5.5
-2.28,141.072,5.7
21.02,144.402,5.5
-54.642,-131.616,6.1
15.444,-95.468,5.6
-26.09,84.28,6.6
-49.104,124.497,5.5
-36.558,-98.2,5.6
33.786,139.2,5.9
-4.718,152.505,6.1
-17.988,168.287,5.7
-19.16,168.673,5.7
-22.135,-64.735,5.9
-22.642,-10.674,5.6
-29.082,-175.954,7.2
-29.122,-176.11,6.6
45.136,94.034,6.7
-60.763,-38.088,5.6
36.414,141.104,6.0
7.747,-77.688,7.3
7.409,-77.662,5.5
7.704,-77.717,5.7
7.745,-77.612,5.9
-8.724,122.557,5.8
-15.218,-173.592,5.9
17.064,-98.351,5.6
-6.065,154.926,5.7
-16.624,-173.561,5.5
-19.534,169.272,5.6
-55.506,-28.309,5.5
-31.252,-177.802,5.8
-6.083,153.099,5.5
-3.594,128.882,5.6
46.293,153.33,5.9
2.745,125.671,5.6
46.222,153.055,5.8
46.122,153.092,6.2
46.333,153.326,5.5
36.353,70.763,6.5
-5.976,127.591,5.6
-22.351,170.635,5.6
56.516,-152.315,6.1
56.67,-152.105,6.3
56.632,-152.265,6.0
-41.893,88.344,5.7
35.999,139.819,5.6
-21.758,-175.161,5.7
-55.708,-29.878,5.6
24.572,122.687,6.0
-8.482,-74.279,5.6
-21.385,-179.158,5.5
39.457,73.83,7.3
39.415,73.773,5.6
39.471,73.652,5.8
39.469,73.629,6.1
-15.982,-179.405,5.7
51.525,-178.112,5.8
-55.456,146.261,5.7
-5.333,150.794,5.5
51.561,-178.145,5.7
68.913,75.899,5.5
-32.743,-69.015,5.6
-9.053,159.133,5.5
-35.225,-71.002,5.6
51.498,-177.828,5.8
-38.453,-73.431,7.1
52.243,174.972,5.6
-7.49,127.505,5.8
4.28,-76.855,5.9
52.407,-168.273,5.7
32.049,142.292,5.9
39.669,73.833,5.9
-27.933,-66.667,5.5
73.366,55.094,6.4
1.841,127.238,5.5
30.562,141.94,5.7
-2.769,101.214,5.7
18.337,119.171,5.9
18.208,119.125,5.6
33.134,13.567,5.6
-7.253,128.32,5.6
36.49,70.892,5.6
-4.287,143.489,5.5
15.103,-60.629,5.7
-9.815,108.356,6.5
-14.911,167.966,5.5
-3.685,153.934,5.7
-56.331,-26.763,5.5
-30.431,-177.806,5.5
-8.365,121.937,5.8
-58.646,-25.232,5.5
55.289,161.973,5.8
-23.935,-65.547,5.6
49.625,155.944,5.5
-7.579,107.234,5.5
42.792,144.954,5.6
-6.242,146.059,5.8
-6.419,128.998,5.5
-44.374,168.14,5.8
-23.708,-175.978,6.3
52.173,157.506,5.8
-0.278,12.917,6.2
33.602,141.128,6.1
2.691,-71.418,5.8
28.596,85.496,5.6
43.176,146.651,6.7
12.034,141.115,5.7
-5.906,-81.093,5.7
-12.265,-77.795,7.6
26.288,66.543,5.9
-58.299,-27.371,6.0
17.3,-62.0,7.5
44.724,150.119,6.4
40.96,143.129,6.2
40.929,143.112,6.2
-4.139,102.827,6.0
-13.277,-112.303,5.6
-60.748,153.931,6.1
40.506,143.575,6.0
0.52,125.989,5.5
40.572,143.675,5.7
40.628,143.677,5.5
-30.706,-178.006,5.7
52.636,-32.07,6.9
49.972,78.968,5.5
40.338,143.67,5.6
-6.324,148.375,5.7
-55.385,-128.776,5.5
-0.149,123.848,5.5
-6.595,154.785,5.7
-6.594,154.721,5.8
-17.909,-178.612,6.0
53.929,160.482,5.7
62.087,-26.17,5.6
-8.42,154.034,7.2
-54.179,143.725,5.6
15.84,-93.09,5.5
-6.305,152.284,5.7
-15.447,167.176,6.3
-6.88,129.463,6.5
29.85,130.433,5.8
70.817,54.063,6.7
-15.182,-174.052,5.6
42.489,141.78,6.0
-56.166,-26.746,5.5
-12.5,-77.786,7.2
-6.498,105.342,6.1
-15.859,-178.51,6.1
51.631,-178.11,5.8
-23.905,-177.56,5.6
-33.154,-70.623,5.5
2.316,121.129,5.8
-57.958,148.284,5.9
58.797,-154.62,5.6
35.767,140.991,5.8
2.433,127.706,5.6
20.565,121.188,5.5
18.973,121.311,5.7
-3.19,150.637,6.1
-3.044,150.619,5.6
-15.023,167.139,6.9
-53.566,-28.345,6.0
30.25,-114.8,5.55
-6.863,129.446,5.5
-6.1,154.159,6.1
-15.207,167.355,5.8
-19.563,169.362,5.5
30.698,138.319,6.1
-27.723,-66.677,5.5
19.417,-155.4,5.5
19.076,121.155,5.5
-6.168,153.071,5.8
-5.012,129.779,6.5
0.393,97.843,6.9
-7.686,-74.453,6.0
51.857,-170.795,5.8
36.457,70.479,5.5
-4.887,129.929,5.7
2.624,128.407,5.5
-24.877,-112.122,5.9
-54.144,143.425,5.8
7.4,-78.7,5.8
-14.563,-175.232,6.1
-14.59,-175.666,5.6
-2.308,99.043,6.8
51.697,174.635,5.8
49.96,79.046,5.6
35.054,72.87,6.2
-32.996,-69.994,5.5
61.597,-150.511,5.6
14.126,-91.824,6.1
19.29,-155.36,5.5
61.909,-149.738,5.9
-4.932,129.923,5.7
46.884,151.563,5.7
21.579,142.903,5.6
53.013,159.449,5.5
-55.413,-28.187,5.7
-55.362,-28.106,5.5
29.233,130.336,5.8
-2.995,101.776,6.0
-33.512,-178.088,6.0
52.22,-171.142,5.7
-4.966,130.007,5.9
-4.956,129.992,6.5
-4.804,129.854,5.6
29.406,101.709,6.0
-7.983,112.298,5.8
-17.905,-174.581,5.8
-2.94,126.126,5.7
-20.523,-173.76,5.6
32.455,78.43,6.8
31.95,78.521,6.0
34.992,141.188,5.9
14.65,96.139,5.5
-28.342,-67.543,5.5
33.026,131.092,5.8
7.218,-77.773,6.5
-9.908,119.352,5.7
53.053,173.446,5.9
53.113,173.497,7.6
44.63,146.932,5.5
-4.941,129.951,5.6
40.641,122.58,7.0
-56.065,-27.348,5.7
-7.288,149.513,6.4
-6.686,106.677,5.6
-7.194,146.059,5.7
17.638,97.902,5.9
49.82,78.078,5.7
17.356,-100.482,5.8
51.377,-179.419,6.5
-24.886,-179.061,6.2
8.017,124.075,5.6
-21.727,-71.356,5.6
-10.879,166.667,5.5
-7.388,149.798,5.5
85.047,97.969,5.6
40.085,24.697,5.5
-6.529,154.932,5.5
-19.795,-69.271,5.7
-6.098,148.235,5.9
-17.862,-178.58,5.9
-3.046,129.244,5.5
-8.447,-81.971,5.5
-5.004,130.026,5.7
-2.444,126.145,6.6
-19.53,168.867,5.6
9.037,-69.948,5.6
-55.974,-27.166,5.9
27.497,56.26,6.1
-29.941,-71.337,6.9
-21.778,170.526,6.1
16.598,-93.385,5.5
-7.738,122.37,5.5
40.493,26.168,5.5
40.471,26.106,5.9
0.775,122.583,5.5
-2.546,138.225,6.0
-10.07,-75.278,5.5
-4.231,-77.015,6.2
35.167,86.571,5.8
22.735,122.802,6.6
46.695,152.549,5.5
29.551,68.601,5.5
-27.959,-66.659,5.9
-32.157,179.507,5.8
40.418,26.139,6.7
-59.461,-18.185,5.5
42.061,-112.548,6.1
13.325,50.738,5.6
-54.21,8.509,6.3
22.77,122.905,5.5
33.597,140.374,5.6
-23.022,-175.112,5.6
1.093,132.128,5.5
-31.054,-178.399,5.5
-21.235,45.103,5.6
10.04,-69.755,6.1
52.198,160.185,5.5
52.342,160.045,5.5
10.126,-75.695,5.5
52.156,160.238,6.2
52.212,160.042,6.2
37.721,141.654,5.8
-4.041,152.686,6.3
38.073,72.692,5.5
-47.516,99.81,5.5
-50.803,139.095,6.3
54.097,-163.248,5.5
-17.699,-178.799,5.6
-14.767,-72.709,5.9
5.677,125.384,5.7
71.516,-10.427,6.5
48.355,154.907,5.8
4.454,125.26,5.5
-55.444,-124.596,5.5
-36.403,-98.794,6.2
33.19,131.3,6.1
16.447,-98.91,6.2
49.99,78.984,5.6
-8.853,158.031,5.6
35.819,79.915,6.3
35.88,80.016,5.9
-39.0,175.799,5.6
36.184,30.772,5.6
-52.758,140.4,5.5
37.135,142.074,5.8
33.093,92.924,6.1
-23.008,-176.242,5.6
31.023,141.756,5.9
-4.642,102.078,5.5
-32.654,-179.316,5.8
-38.183,-73.232,7.7
49.325,156.151,5.5
1.018,126.056,6.3
36.082,70.894,5.5
41.322,136.136,5.7
-20.965,-173.985,6.0
35.16,80.801,5.5
-9.601,118.922,5.8
51.343,-131.236,5.6
22.697,122.574,6.2
-20.905,-173.767,5.5
-17.561,-178.655,5.5
-15.087,166.814,5.6
57.375,-150.119,5.6
-6.786,155.599,5.6
35.997,-17.649,7.9
36.028,-17.588,5.6
0.769,122.621,6.1
-37.926,-73.417,5.8
-22.438,179.527,5.6
26.642,97.025,5.6
-50.416,139.351,6.1
10.244,126.498,5.7
10.154,126.383,5.8
35.866,79.848,5.8
-13.697,-76.141,5.5
-16.341,-69.098,5.6
-20.622,-179.151,5.9
-4.483,153.553,5.8
23.442,126.556,5.8
49.764,78.089,5.5
-40.251,175.811,5.6
43.024,147.734,7.0
43.228,147.848,5.5
43.271,147.851,5.6
43.31,147.405,5.8
43.347,147.284,5.7
12.267,125.382,5.8
43.489,147.709,6.4
-30.179,-178.004,5.6
-32.494,-70.683,5.7
43.55,147.894,6.0
-59.184,-27.029,5.6
36.279,143.429,6.1
43.667,147.801,6.2
43.965,147.009,5.7
42.624,148.052,5.6
11.894,141.408,5.5
-3.043,147.821,6.5
-56.765,-25.367,5.5
-13.733,167.188,5.5
30.078,142.116,5.9
43.171,147.153,6.1
-2.7,147.389,6.2
42.964,147.265,5.5
-20.611,-70.115,5.6
22.918,122.997,5.5
19.044,-107.142,5.6
37.2788333,-116.3686667,5.52
38.759,129.99,6.2
44.745,-110.605,5.9
-21.255,-174.133,5.7
-8.156,123.034,5.6
23.893,142.909,5.6
25.906,140.972,5.9
29.459,-113.346,6.5
21.485,94.7,6.5
32.795,142.219,5.8
6.507,126.642,6.2
-4.611,-105.018,5.8
-10.329,161.151,5.9
-17.174,-69.354,5.5
-14.712,167.244,5.7
-29.087,-177.482,5.6
-1.55,138.058,5.6
-40.446,78.443,6.5
-30.623,-177.487,6.2
-30.867,-177.434,6.1
29.348,142.093,5.6
44.388,148.048,5.8
-54.746,144.193,5.5
-6.59,155.054,7.9
-7.073,154.412,5.5
-7.104,155.152,7.7
-6.928,154.986,5.6
-6.707,154.88,5.6
-6.58,154.651,6.7
-4.339,127.28,5.8
-6.736,155.312,6.8
-6.908,155.333,6.1
13.695,51.542,5.9
-6.361,154.912,5.5
-7.086,155.344,5.5
-6.65,154.608,5.5
-6.37,154.993,5.5
-6.344,154.964,5.5
-7.206,155.716,6.1
-7.098,155.572,5.5
-7.226,155.078,5.7
-23.476,-179.775,5.6
-21.342,120.448,5.5
55.055,-160.377,5.8
-0.045,125.023,5.5
-6.934,154.538,5.7
32.555,78.457,5.5
-10.002,123.8,6.1
-9.793,123.952,5.7
-9.801,123.795,5.5
-37.5,51.542,5.7
-9.676,117.185,5.5
-5.215,152.768,5.8
-5.084,152.855,5.7
39.4321667,-121.5458333,5.7
39.439,-121.528,5.8
53.387,-161.485,6.2
-15.645,-75.106,5.9
33.77,-39.269,5.7
43.9,139.263,5.6
-2.473,146.044,6.3
-3.791,139.743,5.6
-15.476,168.032,5.5
-22.648,-66.589,6.2
5.951,127.126,5.6
-11.726,-77.751,5.6
32.042,137.715,5.7
-6.883,147.696,5.8
37.103,141.007,5.5
54.877,167.845,6.6
-5.376,-76.076,5.7
-21.188,-179.044,5.6
-17.245,-175.012,5.6
16.224,-94.129,5.8
-20.399,-178.385,5.7
-6.566,154.941,5.9
-3.241,137.62,5.8
73.369,54.641,6.4
54.741,160.053,5.9
10.013,125.791,6.0
-5.191,153.047,5.7
-6.876,155.786,5.6
-19.236,-69.162,5.7
9.796,-43.992,5.6
-15.75,167.763,5.5
-3.719,140.083,5.7
30.082,139.974,5.6
30.088,139.871,5.5
-10.004,121.738,5.9
-35.573,-179.881,5.6
38.474,40.723,6.7
40.043,78.624,5.5
-13.521,166.328,5.5
6.989,-104.275,6.4
51.895,157.219,5.6
-10.75,166.231,5.6
-47.335,165.646,5.6
-7.267,156.006,5.6
47.039,151.862,5.5
-34.759,81.849,6.1
41.881,142.746,5.8
-6.42,154.899,5.6
-13.21,167.047,5.6
-6.163,147.475,5.5
-7.907,31.611,5.5
32.095,142.285,5.6
-20.535,-173.994,6.5
-11.96,-14.486,6.1
25.154,-109.259,5.7
-7.204,127.922,5.6
-6.473,154.927,5.5
-0.477,124.698,6.1
-6.805,156.141,5.7
-9.551,-74.652,5.8
-10.786,166.406,5.6
-4.931,102.197,6.0
-4.882,102.198,7.0
-4.83,102.095,6.0
-4.826,102.07,5.8
43.199,145.886,5.8
30.251,66.315,6.7
-22.126,126.721,6.0
-7.841,122.852,5.5
-4.62,103.25,5.5
-10.127,160.516,5.8
30.413,66.35,6.4
-5.041,102.373,5.5
6.398,-82.515,5.8
6.238,127.087,5.5
-12.519,166.499,7.0
-4.836,101.934,5.6
-15.408,167.516,5.6
0.898,-26.772,6.7
0.867,-26.495,5.6
-25.092,-68.073,5.5
-12.991,166.117,5.6
-15.444,167.548,6.0
-24.894,-175.119,7.8
-24.041,-175.375,6.1
-3.335,148.515,5.7
-24.842,-175.435,5.5
-7.061,129.016,5.8
-11.639,119.087,5.6
-7.473,128.726,6.3
57.446,-149.008,5.7
70.843,53.69,6.7
-16.256,-177.43,6.5
73.351,55.078,6.5
11.707,121.75,6.1
11.661,121.646,6.3
-55.991,-27.678,5.9
11.647,121.672,5.8
-2.74,139.469,5.5
6.578,126.834,6.1
-9.357,110.827,5.7
8.102,126.671,5.9
-22.862,-70.508,6.3
37.2901667,-116.4115,5.67
49.984,78.975,5.8
4.052,-103.515,5.5
-10.985,-78.107,5.5
42.007,142.668,5.8
-22.454,173.758,5.5
12.536,126.132,5.7
12.54,125.993,7.2
12.728,125.995,5.5
53.655,-163.366,5.7
13.843,144.754,6.1
11.989,125.724,5.5
-18.467,-177.858,5.8
-17.266,-172.661,5.7
54.355,167.542,5.5
12.549,126.073,6.1
-10.958,166.098,5.7
6.648,126.83,5.7
13.793,125.098,5.8
46.673,145.482,5.5
41.486,144.195,5.5
4.129,125.344,5.6
18.225,-102.185,5.9
12.946,125.91,6.1
-5.055,129.916,5.5
13.054,125.869,5.5
-2.227,125.754,5.5
-12.273,166.676,5.9
-6.822,154.475,5.6
-24.05,179.08,5.8
54.36,161.302,5.5
-4.405,102.406,5.8
7.513,-77.566,5.8
8.059,126.421,5.7
43.289,147.546,5.7
-6.43,102.881,5.8
-9.151,156.7,6.1
-56.644,-25.304,5.6
-17.773,-174.758,5.5
-49.075,127.251,5.6
-57.76,-25.339,6.2
19.36,-155.053,5.8
19.334,-155.024,7.1
-5.069,145.159,5.7
52.599,-167.184,6.3
12.578,126.031,5.6
-21.168,-11.619,5.5
-6.285,124.755,5.7
43.602,146.393,5.8
17.416,119.682,5.8
-4.47,153.415,5.8
6.051,123.723,5.7
-14.789,-173.003,6.2
44.794,148.992,5.6
-11.556,-74.552,6.0
9.776,122.587,5.7
0.631,-26.055,5.5
5.283,95.906,6.2
-7.004,155.75,5.8
-5.074,151.282,5.5
-7.12,106.075,5.6
-11.754,164.804,6.0
51.94,151.577,6.0
-11.226,166.338,5.5
27.01,55.543,5.5
-10.736,163.302,5.7
50.043,78.899,5.8
-7.32,125.474,5.7
-4.084,142.04,6.6
-16.264,-172.467,7.8
43.124,147.168,5.7
-15.336,-171.907,5.5
-15.157,-171.922,5.6
-7.978,115.07,5.9
-56.772,-68.478,6.5
38.628,21.798,5.5
-28.611,-177.638,6.2
-28.949,-177.537,5.5
-16.59,-172.852,5.7
-16.786,167.252,5.5
26.477,128.804,5.7
37.2965,-116.3331667,5.84
-10.08,109.114,5.5
-13.288,-74.899,6.0
51.601,159.329,6.0
51.678,159.209,5.6
-17.916,-69.482,5.6
-0.145,124.832,5.7
51.651,159.498,5.7
51.682,159.104,5.5
-7.819,108.197,5.8
-15.759,167.868,6.1
-35.101,54.36,5.7
-46.479,-101.073,5.6
66.157,-16.582,6.4
-15.225,-173.515,5.7
-29.208,-177.886,6.3
-28.427,-177.657,8.0
-29.941,-177.41,5.5
-29.543,-176.905,6.2
-28.663,-176.854,6.3
-29.305,-176.42,5.7
-29.027,-176.79,5.7
-30.376,-176.823,6.2
-30.021,-176.837,5.5
-30.251,-177.412,5.5
-28.569,-177.591,5.8
-30.151,-177.243,6.1
-28.062,-178.36,5.6
-29.732,-177.717,5.5
-32.647,-178.237,5.8
77.871,18.636,5.9
-22.472,170.574,5.6
-32.404,-178.313,5.5
38.896,20.6,5.7
-30.268,-177.142,5.8
44.915,149.123,7.0
44.595,149.501,5.8
44.537,149.426,5.8
44.496,149.309,5.6
44.854,149.391,5.7
-32.419,-179.209,5.5
58.942,163.556,5.6
44.388,149.617,5.6
44.517,149.185,5.6
-7.478,119.905,6.4
-50.319,139.562,5.9
-28.635,-177.593,6.2
44.499,149.183,5.6
44.799,149.786,5.9
-29.514,-177.079,5.5
-29.339,-176.461,6.0
-15.948,-172.507,5.5
-6.762,154.886,5.5
-29.894,-176.833,5.9
44.343,149.304,5.6
-21.468,-179.292,5.5
-29.453,-177.295,5.6
-7.633,127.518,5.5
17.172,-100.189,5.7
-9.817,123.752,5.7
51.502,159.492,5.6
-16.011,-175.232,5.5
-25.136,179.693,5.8
-18.108,-175.032,5.7
54.504,161.892,6.0
15.324,-89.101,7.5
23.456,125.582,5.5
-21.702,-68.222,5.8
43.06,145.852,5.6
-5.98,146.307,6.0
14.764,-90.61,5.7
15.571,-88.466,5.6
21.588,-106.614,5.5
44.474,149.286,5.5
-6.434,154.96,5.6
-15.257,-172.271,5.9
-4.637,152.768,5.5
37.2713333,-116.4883333,5.81
-12.433,166.368,5.6
15.67,121.703,5.5
13.916,120.123,5.8
-57.414,-64.415,6.0
26.558,140.275,5.5
-23.192,-177.415,5.9
-8.082,108.607,5.9
13.0,125.788,6.1
9.945,-69.693,5.7
-28.385,-176.791,6.2
-29.751,-177.209,5.5
-5.266,151.747,5.6
19.885,-76.878,5.9
13.677,-92.264,5.5
-22.951,171.812,5.6
-3.356,145.235,6.0
3.166,99.015,5.6
-6.313,154.778,5.9
23.019,121.687,5.8
51.471,-130.442,6.0
-19.481,-69.065,5.5
-39.999,-74.727,6.0
-9.266,157.276,5.6
-6.281,154.797,5.7
-8.232,121.438,6.0
-14.744,167.104,6.4
0.838,122.6,5.5
-7.266,155.441,5.8
-10.729,165.019,6.1
-11.846,166.392,5.6
16.759,-61.13,5.9
-6.256,154.716,6.1
37.306,-116.4715,5.84
37.2558333,-116.3118333,5.52
36.607,67.785,5.6
24.284,121.8,5.7
-39.109,177.134,5.5
-29.887,-177.873,6.8
-56.148,-27.427,5.9
-11.94,166.204,5.8
1.152,-90.601,5.8
-58.864,-25.557,5.7
-38.626,78.259,5.5
-38.795,78.328,5.9
-30.577,-178.198,5.8
13.773,144.687,5.5
-5.001,105.052,5.5
33.779,-38.629,5.8
3.929,-85.88,6.5
46.015,149.507,5.5
-12.89,166.449,5.8
35.956,141.576,5.5
-57.416,-25.67,5.8
-62.697,167.398,5.6
-15.245,-173.287,5.5
40.217,112.219,5.5
21.817,95.417,5.5
-3.873,152.092,6.4
17.62,145.547,5.5
-28.091,-70.752,5.5
40.311,63.773,7.0
40.167,63.806,6.2
0.782,-79.804,6.7
0.905,122.375,5.5
-6.428,154.827,6.0
-17.656,-178.501,5.7
-32.736,-179.663,5.5
23.221,120.753,5.5
-51.905,139.471,6.2
-25.837,-68.774,5.6
40.172,143.244,5.5
4.132,124.806,5.5
53.534,-165.465,5.5
-7.215,155.086,5.5
10.281,92.875,5.7
43.403,17.49,5.5
28.714,52.128,6.0
34.112,141.591,5.5
-28.501,-70.306,5.5
-47.572,99.919,5.8
-4.562,149.886,5.6
-28.197,-176.877,6.1
-62.872,167.626,5.7
40.888,42.855,5.5
-5.981,146.317,5.5
7.992,-38.015,5.5
-21.928,-175.033,5.5
-44.642,167.573,6.6
-23.767,-175.547,5.8
-29.934,-177.837,6.8
-21.725,-68.163,5.6
46.356,13.275,6.5
46.35,12.945,5.9
-28.041,-71.322,5.5
-7.453,154.63,5.8
-7.451,154.708,5.6
-7.578,154.595,5.9
-7.603,154.697,5.8
-51.506,139.678,6.1
-51.603,139.683,6.6
37.56,20.352,6.4
-4.612,130.408,5.5
10.782,-43.498,5.7
-6.375,150.348,5.6
4.461,19.348,5.6
-11.637,-74.478,6.6
-54.617,-132.522,5.5
40.381,63.472,7.0
-59.949,154.077,6.2
4.464,-75.783,5.9
-31.117,-177.791,5.8
-15.936,-175.093,5.5
3.684,125.077,5.9
-5.919,145.845,5.9
31.009,141.65,5.5
-5.578,154.265,5.8
-31.117,-177.839,5.8
-5.579,148.293,5.9
-4.935,153.691,5.8
-10.489,-78.322,5.9
-31.175,-177.651,5.7
-4.942,153.983,5.5
11.507,-86.845,5.7
31.251,141.615,5.7
51.606,159.363,5.5
-17.357,167.787,5.5
-5.39,154.081,5.6
24.57,98.953,6.9
24.531,98.71,7.0
-1.052,127.036,5.5
-41.637,-75.411,6.0
24.343,98.642,6.2
24.377,98.771,5.5
-62.753,-160.054,5.8
-26.574,178.309,5.6
-5.201,153.442,6.2
38.315,142.667,5.7
23.888,143.063,5.5
-10.086,161.012,6.2
-7.445,154.733,5.8
-10.098,161.046,5.5
14.087,124.829,6.4
17.403,-100.635,6.4
-16.299,167.26,5.6
24.894,98.752,5.9
-4.862,125.709,5.6
-6.515,151.412,5.5
37.545,20.551,5.5
-0.179,125.036,5.7
-15.305,-75.415,5.6
0.543,134.794,6.3
-1.438,-14.069,5.6
46.162,12.864,6.1
-24.814,-175.356,5.6
-15.297,-75.496,5.6
-15.205,-75.441,5.7
-18.02,65.414,6.1
24.742,125.929,5.8
3.397,96.318,7.0
3.396,96.404,5.8
0.543,134.807,5.8
-59.661,-26.443,5.8
3.4,96.387,5.5
29.913,138.582,5.5
-4.603,140.091,7.1
-4.273,139.862,5.9
3.665,126.75,6.5
-4.633,140.192,5.9
-5.129,151.618,5.6
-33.816,-177.834,6.1
-2.113,101.947,5.5
-29.522,25.182,5.9
49.915,78.952,5.8
3.242,128.201,5.5
-50.139,-114.815,5.7
-9.55,154.333,5.6
47.358,145.718,5.8
7.337,-78.47,6.7
7.385,-78.201,5.7
7.409,-78.127,7.0
7.037,-78.134,5.5
7.384,-77.991,5.6
-8.17,114.888,6.5
-8.127,114.862,5.9
5.799,-82.74,5.5
-4.607,139.954,5.6
-4.157,152.755,6.6
-21.693,-113.243,5.8
-4.73,101.822,5.8
24.782,98.698,6.3
-3.508,148.647,5.9
-29.967,-114.427,5.6
-58.957,-25.482,5.6
-4.534,139.949,5.6
-21.907,-113.332,6.2
4.956,118.308,6.2
39.57,117.978,7.5
39.664,118.401,7.4
-20.196,170.004,6.0
-20.266,170.012,5.7
39.295,72.79,6.1
43.172,45.603,6.1
-56.061,-27.284,5.8
47.782,48.12,5.9
-30.322,-177.964,6.2
-20.609,169.274,6.9
-35.647,-14.035,5.8
6.982,94.312,5.6
-34.525,-179.577,5.5
-20.842,-175.045,5.6
2.136,-79.024,5.6
-10.954,162.487,5.5
3.55,124.325,5.8
26.68,97.07,6.4
32.752,104.157,6.9
6.262,124.023,7.9
7.199,123.615,5.8
7.037,123.69,5.6
7.381,123.384,5.8
10.063,125.866,6.0
7.249,122.939,6.8
6.476,123.937,5.5
7.275,123.299,5.6
-30.396,-177.745,5.6
6.441,123.946,5.6
-30.265,-177.762,5.7
6.923,123.691,5.7
-30.275,-177.366,5.8
14.499,123.766,5.5
45.048,149.781,5.5
-20.412,-69.993,5.6
-6.722,129.567,6.0
32.571,104.249,6.4
60.22,-153.304,5.5
-14.047,170.939,5.9
32.492,104.181,6.7
6.52,124.085,5.8
-25.326,-70.694,5.6
13.045,124.445,5.6
49.969,79.001,5.8
-2.568,126.983,5.5
-29.756,-111.752,5.6
-29.627,-178.264,5.6
1.099,147.53,5.9
-56.252,-26.217,5.9
-28.29,-176.633,5.9
-20.414,169.364,5.7
-10.247,161.094,5.6
-8.156,120.623,5.6
-6.482,129.701,5.7
-21.327,-66.301,5.5
4.836,96.967,5.5
-14.905,167.246,5.5
-0.057,124.842,5.9
-14.332,167.238,5.5
7.797,123.847,5.5
46.28,13.157,5.5
-24.12,-66.766,5.6
-30.126,-178.005,5.5
29.795,89.559,5.5
-26.432,-115.067,5.7
4.127,126.412,5.5
-3.721,138.016,5.8
46.302,13.197,6.0
46.322,13.132,5.9
84.289,0.207,5.7
-9.214,148.139,5.9
2.412,126.792,5.5
-11.056,32.857,5.7
18.221,-100.469,5.6
44.88,149.225,6.1
-46.193,-13.905,5.7
40.028,106.327,5.7
-5.917,148.193,5.5
6.804,123.8,5.7
-26.578,-114.999,5.5
38.775,-0.59,5.6
73.404,54.817,5.8
6.922,124.069,6.0
-30.239,-177.876,6.5
-3.461,130.897,5.5
-58.256,-24.807,5.6
-35.121,-179.428,5.5
-6.983,155.642,5.5
-5.273,102.648,5.5
-30.536,-177.533,5.5
-30.379,-177.312,5.5
-6.426,153.002,6.3
-0.747,-78.779,5.7
37.092,141.271,5.6
18.948,121.303,5.7
4.35,124.834,5.5
-10.453,161.295,6.0
-33.138,-178.691,5.7
-18.173,-177.76,5.5
-4.468,152.375,5.6
7.084,123.449,5.6
56.143,-153.274,5.5
-4.52,153.438,5.5
50.382,3.959,5.5
6.243,126.298,5.8
-4.517,139.918,7.1
3.541,96.278,5.6
-6.089,148.531,5.7
-6.053,149.548,5.8
-29.349,77.659,6.5
-29.217,77.815,5.7
26.704,125.22,5.5
4.141,95.14,5.5
27.605,101.052,6.5
33.802,59.155,6.2
33.235,47.963,5.5
8.478,126.375,6.8
6.934,123.875,5.9
-3.778,139.972,5.5
38.09,142.241,6.0
-19.605,-173.329,5.7
7.991,126.833,5.5
7.848,126.115,5.5
5.0,-78.152,5.5
-57.364,-25.893,5.8
39.444,117.688,6.3
-41.636,80.209,6.2
50.983,156.223,5.5
-8.818,156.941,6.5
-4.17,135.141,6.3
3.745,128.131,5.6
7.029,123.579,6.0
-38.519,78.569,6.0
49.991,79.005,5.9
46.273,13.083,5.7
51.172,159.291,5.5
39.121,44.029,7.3
39.243,44.267,5.5
52.012,161.369,5.6
-19.498,-177.705,6.0
-38.923,-91.537,5.5
41.0351667,-124.9496667,6.3
-17.853,-178.811,5.5
7.34,-78.21,5.7
36.507,71.042,6.1
-20.52,-68.919,6.5
-19.947,-69.21,5.5
30.977,139.532,5.6
-20.381,-68.531,5.6
-56.186,-26.781,5.5
-56.076,-26.739,5.5
-34.57,-112.164,5.5
49.884,78.905,5.9
-18.933,-176.582,5.9
44.76,-110.793,5.5
44.525,-129.961,5.5
-5.936,151.976,5.7
-4.725,103.405,5.5
13.962,124.829,5.5
7.494,93.811,5.9
28.043,139.575,5.9
27.395,101.055,5.9
28.294,130.698,6.3
28.271,130.603,5.6
-17.318,-173.994,5.5
13.102,145.057,5.5
-20.912,-68.456,5.6
7.679,133.612,5.8
0.596,126.027,5.6
9.27,-83.932,5.5
48.802,-129.292,6.7
0.528,126.074,5.5
23.297,143.721,5.8
41.783,-125.953,5.5
-45.551,-74.888,5.6
-30.681,-178.191,5.5
-40.572,-16.711,5.8
-21.144,-68.588,5.8
-7.885,109.014,5.7
-2.532,126.582,6.1
38.146,91.007,6.3
-10.17,118.987,6.3
27.457,56.202,5.5
23.394,143.71,5.7
-3.63,144.447,6.6
-52.257,114.591,5.5
-31.282,-13.24,5.5
21.173,120.276,5.7
-11.273,166.108,5.6
-20.717,-179.246,5.5
1.577,99.856,5.6
12.96,125.96,5.6
12.989,125.927,5.5
26.677,142.579,5.6
-14.874,-177.233,5.9
-24.848,-68.674,6.3
-41.731,174.25,6.0
37.022,95.697,5.9
5.036,126.553,5.9
-18.014,-178.379,5.8
-13.379,166.511,5.6
-15.917,168.232,5.6
-10.925,164.66,5.7
-6.511,152.776,5.7
-17.437,168.694,5.6
-5.215,151.811,5.6
40.04,70.852,6.1
45.372,150.439,5.5
-24.689,-63.362,6.0
-66.448,-82.584,6.2
-21.821,-175.259,5.7
-60.933,-23.09,6.3
15.679,119.155,5.7
-0.117,125.063,5.8
25.973,-26.258,5.5
0.496,125.983,6.1
-45.48,-19.065,5.7
41.409,142.039,5.6
33.071,140.817,6.0
-41.367,80.643,6.0
53.566,170.032,6.7
-11.686,-13.622,5.5
17.241,-61.485,5.5
-6.277,147.557,5.5
-6.289,147.529,5.9
-6.327,147.7,5.6
9.215,126.12,5.7
6.867,123.976,5.5
-16.374,177.981,5.5
6.772,123.74,6.1
45.772,26.761,6.4
-1.68,138.705,5.5
-8.295,123.601,5.7
-8.323,156.229,5.8
-11.961,-74.202,5.6
-12.056,-74.031,5.6
0.451,100.021,6.0
41.606,130.878,5.9
2.594,127.173,5.5
23.743,-45.174,5.6
-4.953,131.007,5.8
-6.731,154.963,5.8
16.773,122.327,7.0
-5.491,152.199,5.6
44.2,148.196,6.0
16.743,122.458,5.5
16.814,122.354,5.8
-21.932,-138.958,5.9
13.199,145.28,5.6
27.609,56.393,6.9
27.602,56.52,5.8
-33.604,179.1,5.6
27.579,56.465,5.9
6.793,-73.045,5.5
-14.466,-177.949,6.3
27.651,56.446,5.5
-14.427,-177.957,6.0
27.619,56.586,5.8
-6.761,129.993,5.5
52.295,-168.257,6.0
-18.585,-174.147,5.6
-14.683,167.103,5.7
-48.984,124.611,5.8
27.545,56.329,6.2
-2.285,125.231,5.8
-16.696,-172.095,7.6
7.301,-34.857,6.0
12.01,144.188,5.6
31.983,50.683,5.9
-26.933,26.656,5.5
-6.407,130.011,5.5
-10.015,-71.181,5.5
-52.287,114.59,5.6
23.183,142.26,5.5
3.778,126.756,5.7
8.861,123.387,5.5
-5.544,125.372,5.7
-5.623,148.343,5.7
30.599,137.484,5.5
-9.828,160.323,6.7
-9.898,160.608,5.9
-9.89,160.348,7.5
-9.844,160.822,7.5
-9.818,160.291,5.7
-9.673,160.132,6.1
-9.802,160.21,5.5
-10.867,158.217,5.7
-9.833,160.177,5.5
-9.889,159.953,5.5
26.861,142.44,6.2
-9.965,160.731,7.5
-10.148,160.696,5.8
-10.245,160.728,6.0
-10.276,160.749,5.6
-10.168,160.657,6.0
-7.613,119.013,5.6
-17.748,-178.276,5.5
-9.884,160.652,5.5
-7.204,154.394,5.6
7.186,123.258,5.7
-0.979,127.347,5.6
2.0,126.882,5.7
39.268,117.708,5.8
21.747,92.99,5.7
28.424,139.502,5.8
1.487,-85.265,5.7
1.617,-85.263,5.5
-19.131,-177.672,5.5
0.482,134.924,5.6
-23.867,-176.556,5.6
-4.444,101.975,5.7
-10.218,160.613,5.7
15.699,120.82,5.7
0.665,98.676,5.5
25.474,142.512,5.7
18.814,145.352,5.7
4.237,95.774,5.9
-1.732,120.52,5.9
-64.944,175.687,5.7
49.944,78.846,5.6
-34.692,-179.052,5.5
52.428,-169.707,6.0
-11.814,166.505,5.6
36.243,31.344,5.7
36.436,70.762,5.5
-23.865,-70.155,5.6
32.636,48.086,5.8
38.539,141.485,5.5
-4.95,130.095,5.5
-3.195,130.701,5.5
-18.525,-174.057,5.5
13.309,124.645,5.6
-14.12,-14.433,6.0
-19.876,-179.098,5.7
19.043,145.689,5.6
-13.72,-14.606,5.5
-9.766,159.672,5.7
4.652,124.933,5.7
47.15,151.093,5.6
-22.878,-175.9,6.8
-22.892,-175.944,5.5
-2.268,100.833,5.5
-4.6,102.234,5.5
22.562,-45.124,5.6
22.65,-45.139,5.7
22.615,-45.111,6.0
-0.061,125.058,5.6
-7.599,127.654,6.0
-9.954,160.535,5.8
1.435,126.435,5.9
5.278,-82.651,5.5
-21.068,-178.574,5.8
-5.806,154.579,5.8
-7.41,129.737,5.6
5.064,127.334,5.5
-22.455,-175.1,5.5
-56.115,-27.558,6.1
-19.128,168.407,5.5
-6.3,131.05,5.7
0.505,134.96,5.6
29.88,67.454,5.5
40.316,63.682,5.5
24.051,122.214,5.7
-29.393,-112.301,5.6
-27.456,-176.713,5.5
-62.89,168.219,5.6
-53.863,158.602,6.7
-53.722,159.594,5.6
16.882,122.361,6.9
-5.258,153.542,5.5
-33.797,-179.72,6.0
-15.339,-173.152,6.2
-8.031,155.538,7.2
6.537,123.769,5.6
-20.494,169.623,5.5
-56.013,-27.788,6.1
-12.371,166.295,5.7
8.554,-82.751,5.7
-10.567,161.333,5.8
-8.172,107.644,5.7
-17.564,-174.37,6.3
-6.533,155.011,5.9
-9.244,148.28,5.5
-22.752,-12.752,5.7
-22.745,-12.703,5.6
-7.763,107.567,5.7
-19.28,167.655,5.5
46.632,153.706,5.7
-11.145,118.388,6.1
-11.085,118.464,7.9
-10.566,118.386,6.1
-10.192,117.412,5.5
-11.018,118.728,5.6
-10.803,119.174,5.8
-10.803,119.142,5.8
-10.926,119.148,5.8
-10.885,119.229,5.8
16.612,-86.852,5.7
16.7,-86.606,5.9
-10.913,119.053,5.8
-11.099,118.24,6.0
-11.108,119.127,5.8
-11.039,119.135,6.1
35.241,141.115,5.5
-11.186,119.144,5.7
-29.974,-177.909,5.7
-10.858,119.221,5.6
-10.734,119.142,5.5
-11.394,117.664,5.7
-11.298,118.137,5.6
-10.743,119.268,6.1
-10.443,119.072,6.1
-10.808,119.284,5.5
-10.057,118.355,5.5
-10.667,119.301,5.7
-59.426,-20.508,7.1
0.152,123.067,5.6
-8.062,125.3,6.8
-8.277,125.047,5.5
-8.289,125.1,5.5
-29.062,-177.148,5.5
-1.081,146.23,5.5
17.441,119.869,6.2
33.496,141.207,5.6
-10.976,119.123,5.5
7.335,-76.298,6.4
73.376,54.581,5.7
-11.739,117.467,5.6
26.408,126.408,5.6
-11.04,119.149,6.0
-13.682,166.706,6.5
51.207,178.388,6.4
33.306,140.661,5.6
51.096,178.265,6.4
51.261,178.402,5.5
51.144,177.954,6.6
51.179,178.249,5.5
50.092,78.961,5.9
3.125,128.009,5.5
-11.127,118.256,5.7
-10.351,161.05,5.5
1.589,126.447,5.5
-6.074,143.085,5.6
-11.102,119.508,5.5
-1.6,127.504,5.6
-11.223,119.356,5.5
13.947,-91.681,5.6
-6.572,107.088,5.9
-15.389,-173.214,5.6
-15.397,-173.295,5.6
35.048,23.029,6.0
-15.454,-173.289,6.0
-56.38,-25.661,5.9
-11.309,118.053,5.5
11.772,143.127,6.1
30.878,56.63,5.6
-56.531,-25.745,5.6
-13.575,166.747,5.5
-1.984,126.627,5.9
-16.372,178.026,5.5
-23.5,-175.228,5.5
20.033,-109.154,5.7
51.754,155.208,5.6
-11.206,118.217,6.0
-5.758,128.828,5.5
-11.298,117.245,5.6
-60.039,150.585,5.7
-21.517,-174.23,5.6
-11.336,118.021,5.5
-16.041,-172.925,5.5
-10.078,117.497,5.6
11.573,121.567,5.6
0.482,98.733,5.5
40.963,33.411,5.8
-29.011,-176.894,5.7
-18.58,-177.719,5.6
-11.483,117.383,5.5
-11.191,117.167,5.6
-9.965,117.327,5.7
-10.081,117.656,5.6
-9.952,117.319,6.3
-11.265,119.346,5.5
-9.932,117.318,5.6
-9.845,117.262,5.8
-10.008,117.158,5.7
-9.916,117.29,5.8
-9.893,117.38,5.7
-9.998,117.146,5.5
-9.515,-74.658,5.5
13.328,124.486,5.5
-9.925,117.29,5.6
-9.995,117.51,5.6
-25.856,-175.406,7.2
-11.165,119.379,5.6
-54.515,144.721,5.7
-15.723,-173.046,5.9
-15.371,167.411,5.7
-39.752,-15.941,5.5
47.053,153.908,5.6
-30.058,-176.853,5.7
-9.733,117.118,5.8
-9.752,117.155,5.5
-0.949,126.892,5.6
-27.914,173.084,6.7
-20.747,-173.957,5.5
27.794,54.879,5.6
22.608,121.614,5.5
2.429,128.419,5.5
-10.402,117.667,5.7
-27.952,-62.972,6.1
-21.486,170.3,5.6
-9.693,117.221,5.6
-15.565,-177.289,5.5
-15.55,-177.395,5.7
51.146,178.327,5.6
49.841,78.174,5.5
50.059,78.907,5.6
-6.392,154.699,5.5
-6.22,146.637,5.9
-10.213,118.729,5.7
-20.418,-178.572,5.6
-14.871,166.95,5.6
-11.437,118.225,6.3
-10.08,-74.761,5.5
51.659,-175.952,6.7
-10.108,161.0,5.6
51.544,-175.546,5.6
0.192,123.28,5.5
-7.153,156.089,5.7
47.391,154.306,5.5
-55.96,-27.857,5.6
-5.987,104.841,5.5
33.637,139.874,5.5
32.693,88.388,6.5
-4.353,102.022,5.9
-56.03,-27.832,5.5
29.269,-112.97,5.6
6.83,123.576,5.8
-10.231,161.126,5.9
-6.513,129.442,5.6
-31.028,-67.767,7.4
-31.178,-66.957,6.0
-31.247,-67.738,5.6
-31.021,-67.82,5.9
-31.067,-67.724,5.6
-31.341,-67.743,5.7
52.195,-171.546,5.5
-31.556,-67.695,5.5
-31.511,-67.634,5.8
-31.471,-67.628,6.0
-31.615,-67.573,6.3
-21.894,-138.959,6.0
-31.304,-67.631,5.7
-31.467,-67.876,5.7
-31.068,-67.666,5.5
-17.956,-178.12,5.5
11.8,125.472,5.7
46.42,153.28,6.0
-0.829,120.6,5.5
-20.481,-178.428,5.6
36.05,27.761,5.6
-31.681,-67.754,5.5
-31.354,-67.431,5.8
-32.032,-69.084,5.5
49.957,78.931,5.9
-20.611,-178.422,5.5
-5.026,145.027,5.7
52.929,159.714,5.8
3.511,95.892,5.9
-23.89,-176.077,6.2
-23.915,-175.95,5.9
-30.968,-67.7,5.6
-31.059,-67.706,5.6
-31.168,-67.718,5.9
-11.221,118.256,5.7
-24.152,-175.602,6.1
-7.175,129.341,5.6
-31.187,-67.639,5.6
9.516,-69.563,5.6
17.359,-54.848,6.4
-0.135,124.094,5.7
-33.793,58.035,5.6
-21.101,-179.145,5.6
-4.761,34.913,5.6
36.619,140.989,5.6
52.21,-170.025,5.5
39.865,77.334,5.8
30.954,56.473,5.8
48.59,153.015,5.8
-7.838,117.685,5.6
25.51,143.112,6.8
-31.524,-67.596,5.7
52.929,159.804,5.5
-0.958,126.719,5.6
29.553,127.812,5.5
-34.419,55.297,5.7
39.132,143.162,5.9
39.068,143.047,6.0
2.507,126.825,5.5
16.659,40.278,6.6
-5.07,151.767,5.9
40.0,15.419,5.6
-15.3,-71.68,5.9
-38.137,-71.096,5.5
-25.562,-70.97,5.6
-20.825,-126.913,5.5
18.793,121.895,6.0
46.825,152.27,5.6
44.689,149.699,6.0
34.809,139.259,6.6
1.674,126.417,5.5
-30.115,-177.489,6.3
34.797,138.803,5.7
-30.209,-177.554,6.1
-30.521,-177.324,5.6
-31.287,-67.867,5.8
-9.79,159.475,5.5
-34.278,-70.19,5.7
-4.17,123.363,5.8
44.731,149.718,5.9
-31.695,-68.876,5.7
-5.98,148.874,5.7
-5.339,151.676,6.4
-5.014,145.032,5.5
-25.924,-177.301,6.0
-7.155,129.509,5.6
45.972,149.153,5.5
-4.224,152.808,5.7
-24.846,-175.426,5.6
-29.78,-177.22,5.7
-56.124,-27.401,5.5
45.064,150.246,5.5
-5.531,151.675,5.8
-56.391,-26.478,5.5
4.83,125.658,5.7
-0.075,124.084,5.9
12.796,93.016,5.5
12.863,93.07,5.6
24.146,122.663,5.7
44.425,149.898,5.7
-30.683,-177.358,7.2
-30.614,-177.38,5.5
-30.653,-177.544,6.0
-30.074,-177.332,6.2
25.303,62.399,5.5
-30.414,-177.119,6.6
5.734,-32.904,6.1
-30.441,-177.46,5.7
-8.665,124.047,5.8
-4.546,139.311,5.6
5.465,-77.714,5.5
-3.389,128.695,5.5
-55.52,-125.193,5.8
-28.57,-71.021,5.7
-4.649,102.938,5.5
-3.857,129.007,5.8
-40.106,-91.199,5.6
38.785,141.949,6.1
-7.04,128.901,5.6
-4.946,125.247,5.9
-4.844,125.412,6.3
-4.995,125.23,5.6
14.249,-91.378,5.7
29.34,130.535,5.9
-22.698,-176.207,5.6
-4.61,-12.37,5.5
-9.662,117.114,5.6
-26.62,-114.564,5.9
-53.795,140.797,5.5
55.073,164.632,5.5
-15.288,-173.517,6.2
55.098,164.757,6.2
-21.894,-174.854,6.3
-4.656,153.101,6.2
-35.523,-102.586,5.7
-4.926,151.756,5.5
31.962,137.61,6.0
32.005,137.609,6.9
-55.627,-27.721,5.5
-56.446,-25.589,5.5
-56.428,-25.486,5.9
-56.622,-25.533,5.7
-56.505,-25.64,5.8
-56.706,-25.388,5.7
-11.136,119.075,5.5
1.753,126.014,5.7
-10.858,119.111,5.5
38.104,16.031,5.6
-30.677,-178.137,5.5
6.138,126.885,5.5
24.072,122.638,5.5
26.42,140.563,6.1
29.926,66.302,5.9
52.295,-168.622,5.5
-22.889,-175.358,5.7
-38.201,-93.766,5.6
17.026,-99.735,6.4
36.049,139.681,5.7
0.831,-29.817,5.7
0.766,-29.693,5.8
44.026,149.002,6.7
44.065,149.016,5.6
44.14,149.029,6.6
44.209,148.971,6.8
44.021,148.819,5.6
44.216,149.27,5.6
43.855,148.939,6.4
44.196,148.731,5.8
44.288,149.126,5.9
44.932,148.439,7.5
43.922,149.144,5.5
44.376,149.58,6.0
52.01,-169.465,5.8
44.318,149.064,5.9
44.343,149.737,6.8
-24.784,-179.903,5.5
29.801,-67.4,6.1
44.244,148.862,7.6
43.653,148.587,5.6
43.857,148.803,5.5
42.839,78.606,7.1
44.109,148.952,5.6
44.079,148.949,5.7
-21.03,-178.836,5.7
43.773,148.451,5.6
-0.101,125.184,5.5
49.734,78.074,5.5
53.515,162.991,5.5
-20.476,-177.971,5.5
-8.583,125.103,5.9
48.764,154.918,5.8
44.077,149.482,5.5
-19.643,169.119,5.9
27.92,141.783,5.5
-21.76,-174.011,5.7
-4.852,133.918,6.2
33.033,82.285,6.0
6.783,123.783,5.6
-31.18,-67.597,5.5
10.035,-77.954,6.1
35.212,141.031,5.9
44.411,149.342,5.8
22.728,121.123,5.7
-11.36,116.685,6.7
-9.461,148.943,5.9
53.535,-163.731,5.6
-19.485,-173.758,5.6
56.423,-152.691,6.6
3.311,127.76,5.5
43.269,20.919,5.7
-16.47,-73.514,5.5
38.391,15.066,5.7
-25.21,178.407,5.6
44.191,149.166,5.5
5.142,127.41,6.0
-3.788,128.44,5.5
46.777,151.899,5.5
36.62,71.274,5.9
-21.267,-174.383,5.8
4.718,124.593,5.9
-2.814,138.956,5.5
-5.854,103.969,5.8
-9.849,160.45,6.2
24.656,122.715,5.8
-19.25,-177.498,5.5
-9.303,124.906,5.5
-58.281,-25.786,5.8
3.573,127.246,5.7
-10.242,117.023,5.5
29.841,66.208,5.7
37.319,141.784,5.5
51.667,-176.1,5.9
36.642,-2.543,5.6
13.915,-92.199,5.5
-14.521,167.319,6.7
-56.769,-25.524,5.9
-20.934,169.672,5.6
40.985,141.261,5.7
41.001,141.259,5.8
-37.418,51.412,5.5
-10.233,-78.52,5.6
-30.76,-177.988,5.5
-31.597,-178.111,5.5
43.44,139.032,5.6
-54.847,0.889,5.8
-0.758,127.371,5.9
31.055,130.134,6.3
-53.152,-118.348,5.5
42.736,144.698,5.6
-52.905,-118.547,5.5
40.759,23.268,5.7
51.232,-179.213,6.7
-0.09,125.238,5.5
-20.859,168.593,5.5
41.963,46.546,5.6
24.274,142.661,6.8
24.228,142.824,5.9
-1.837,139.117,5.6
-44.855,-79.413,6.0
-6.481,154.631,5.6
11.05,57.327,5.5
-0.081,151.159,5.7
-1.05,146.451,5.9
-57.096,-140.888,6.0
-16.247,92.986,5.5
40.381,63.619,6.0
-6.095,114.237,5.5
49.879,78.838,5.9
4.695,126.613,5.6
-15.262,-173.559,6.2
49.262,-129.502,6.1
-5.124,102.808,5.7
38.204,142.045,5.7
38.19,142.028,7.7
-13.37,-111.34,5.8
38.319,142.364,6.3
8.249,122.403,6.9
8.238,122.381,5.9
6.135,-82.664,5.7
44.031,149.161,5.6
-7.293,128.884,5.8
38.168,143.264,5.6
7.861,126.321,6.0
-17.098,-172.264,7.0
-23.068,-179.588,5.6
40.739,23.229,6.4
38.326,141.756,5.7
48.307,148.61,5.9
51.605,-179.412,5.9
8.514,126.635,5.5
-15.003,167.267,5.5
-5.06,102.356,6.4
-5.032,102.372,5.8
-5.078,102.278,5.6
-17.111,-174.431,5.5
-56.318,146.623,5.5
37.149,142.8,5.7
-20.262,168.17,5.6
-56.47,-27.058,5.5
-15.328,-175.489,6.4
-63.31,169.361,5.5
-63.197,169.668,5.5
32.655,131.12,5.7
49.839,78.906,5.8
18.487,-100.007,5.6
0.56,126.196,5.8
-7.89,-71.415,5.8
52.242,-168.816,5.8
-6.617,143.792,5.5
-14.893,-175.822,6.0
-6.438,153.163,5.7
56.769,-151.647,5.7
-5.662,146.116,5.5
-4.189,152.842,6.0
22.282,121.512,7.4
-6.145,150.986,5.6
22.242,121.574,5.5
-20.67,172.503,6.1
-15.584,-173.043,5.8
49.744,78.168,5.7
-15.285,-173.329,5.5
-0.905,84.282,5.6
52.143,96.892,5.5
-15.371,167.481,5.7
-26.513,-70.544,6.3
-0.167,131.797,6.1
-3.598,151.012,6.1
-60.837,-56.049,5.8
-3.582,152.289,5.7
-4.024,102.409,5.9
-12.384,166.453,5.7
-15.439,166.713,5.6
63.706,125.321,5.6
23.51,121.46,5.5
-15.514,166.739,5.5
73.336,54.792,5.9
-35.863,-17.648,6.0
-16.663,175.67,5.5
4.551,126.63,5.5
-17.812,-178.352,5.5
34.35,-119.7,5.8
-59.763,-26.441,5.6
49.871,156.276,5.8
-7.91,146.891,5.8
-30.529,-178.182,6.4
33.956,142.287,5.5
-8.069,125.514,5.6
-22.174,-179.56,5.6
-21.067,-174.322,5.7
14.374,-91.454,5.5
-31.271,-67.773,5.6
5.57,126.232,5.7
-47.669,32.54,6.2
10.204,-85.222,7.0
4.035,126.596,5.5
-50.052,163.461,5.6
50.008,78.996,5.9
6.576,126.903,5.7
-17.414,168.001,5.9
-30.682,-178.017,5.6
-7.451,156.599,6.2
-7.521,156.542,5.5
24.896,121.985,6.1
-7.247,156.642,5.5
44.404,38.052,5.7
49.453,154.355,5.5
-20.143,168.705,6.0
-29.405,-176.729,5.5
-13.316,167.137,6.0
-30.935,-178.897,5.6
-30.367,-178.151,5.9
14.27,-91.497,5.6
24.927,124.847,5.7
-4.65,129.716,5.6
-4.562,-106.173,5.9
11.556,143.352,5.6
-27.951,-176.484,5.5
10.839,126.122,5.5
49.898,78.925,6.0
48.254,154.276,6.0
33.386,57.434,7.4
-25.731,-177.947,5.7
-63.023,-157.733,5.5
-5.521,153.81,5.5
-6.673,105.576,5.5
-13.919,167.209,6.3
-13.312,167.069,5.6
1.154,120.297,5.7
12.576,143.256,5.8
73.38,54.669,5.6
51.258,159.793,5.5
-19.135,168.981,5.6
18.615,-102.262,5.5
-30.891,-177.872,5.7
16.603,95.857,5.7
6.682,123.982,5.6
46.27,151.716,5.7
39.389,74.718,5.8
-6.454,147.466,5.5
33.416,140.793,5.9
-7.464,112.216,5.6
-5.579,148.057,5.8
47.818,48.114,5.8
63.143,63.392,5.5
41.214,143.905,5.5
-3.333,150.782,5.6
36.483,70.964,5.6
-5.882,146.904,5.5
-21.906,-65.792,5.6
50.246,155.692,5.5
-5.441,152.005,5.9
-0.078,124.876,5.5
8.05,122.286,5.7
-27.534,-176.518,5.6
39.349,72.615,6.8
-57.932,-25.477,5.6
50.046,78.983,5.6
37.674,48.901,6.1
-11.23,162.176,6.9
-11.178,162.085,6.0
-11.037,162.198,5.6
-11.153,162.253,5.7
-11.132,162.136,7.1
-10.996,162.221,6.1
39.328,72.568,5.5
-28.478,62.359,5.7
-10.812,161.368,5.8
-11.205,162.068,5.6
-54.067,-1.784,5.7
47.892,146.569,5.9
-7.183,154.813,5.6
-3.268,146.911,5.7
8.586,126.038,5.5
-26.179,-177.69,5.5
-57.923,-25.184,5.6
-10.852,162.132,5.9
49.956,78.765,6.0
-15.506,168.083,5.5
16.01,-96.591,7.7
16.184,-96.63,5.7
-21.903,-138.975,5.9
50.929,158.862,5.5
-10.155,161.397,6.0
8.665,122.206,5.8
-4.528,152.293,5.5
-59.552,-26.413,5.5
13.145,-89.635,5.9
17.447,-54.786,5.8
44.592,146.581,6.7
13.713,-92.288,5.7
45.344,150.114,5.6
-4.561,129.699,5.7
-30.346,-177.917,5.5
-7.068,117.98,5.9
7.33,123.492,6.9
21.953,123.807,5.6
32.139,49.646,6.2
0.536,126.022,6.0
52.11,175.227,5.6
47.787,48.192,6.0
-54.476,2.073,6.5
-6.172,130.74,5.6
11.753,-87.356,5.6
3.872,126.735,5.7
-21.817,-179.503,5.6
-36.286,-72.463,5.7
-11.206,162.579,6.3
-8.254,121.492,5.8
32.492,141.378,5.5
23.247,122.075,7.0
10.366,-103.865,6.5
-56.543,-142.571,5.6
41.108,13.582,5.6
-8.883,-75.728,5.7
-22.945,-175.464,5.5
-27.984,-176.599,5.6
-4.169,135.989,5.5
26.609,60.925,5.8
16.944,-93.543,5.6
26.519,61.013,5.9
-4.08,101.252,6.2
-35.204,-16.628,5.6
52.499,-167.921,5.5
33.897,59.472,6.7
-45.56,96.184,6.1
38.262,15.005,5.5
47.883,48.128,6.0
-9.511,161.08,5.7
13.406,145.988,5.5
41.535,143.919,5.5
-6.239,155.225,5.5
-29.937,-177.455,6.4
60.131,-153.121,5.5
17.413,-100.877,6.6
17.554,-100.988,5.6
-30.573,-177.782,5.5
-18.544,168.207,6.3
54.768,-161.25,6.0
11.927,-43.727,5.8
-24.658,179.958,5.5
42.782,131.197,5.7
0.052,125.997,5.8
5.21,127.295,6.2
-56.316,-26.887,5.6
-17.705,-178.696,5.5
-21.043,173.919,5.5
5.767,124.73,5.5
-20.855,-68.629,5.5
5.987,125.919,6.1
55.453,-157.162,6.7
33.318,57.431,5.5
-15.559,167.573,5.8
-13.626,166.675,6.2
-16.39,-72.658,6.9
-16.5,-72.656,5.5
-6.826,116.126,5.5
-43.432,40.779,6.1
5.683,124.696,5.5
40.232,143.703,6.4
40.356,143.694,5.5
-0.161,-17.72,5.6
-0.238,132.075,5.5
12.829,124.599,5.7
-8.159,156.384,5.5
-14.969,167.33,5.6
60.642,-141.593,7.1
0.673,-80.073,5.6
-16.557,177.41,5.9
-5.86,145.785,5.5
1.03,120.402,6.0
-9.558,147.959,6.1
-22.301,-69.022,5.5
-56.077,-122.44,6.1
-39.087,46.236,5.5
17.813,-101.276,7.6
17.952,-101.283,5.5
23.157,101.138,6.2
34.32,-116.45,5.5
5.228,96.327,5.8
-17.586,-172.843,5.5
-36.719,78.744,6.2
-36.65,78.682,6.0
-35.681,-71.146,5.5
-7.352,154.428,5.6
26.74,-110.806,5.6
17.987,-69.044,6.1
42.004,83.406,5.9
32.152,96.961,5.8
-56.171,-27.254,5.5
-4.166,131.448,5.6
29.181,142.338,5.7
-5.108,130.102,5.6
5.267,125.487,5.7
19.716,123.694,5.6
-4.056,102.413,5.5
41.987,-126.816,5.5
2.963,126.933,6.8
-36.007,-102.601,6.5
42.096,19.209,6.9
42.319,18.682,5.7
5.683,123.615,5.9
-6.979,129.685,5.5
-1.21,98.215,5.6
32.986,-39.702,5.8
0.077,122.967,5.9
-16.535,120.175,5.9
-52.996,159.754,6.0
-20.826,-178.688,6.0
-3.639,141.839,5.6
-33.821,-71.901,5.8
-18.324,-174.631,5.6
0.541,98.779,5.8
-27.462,-70.953,6.1
1.863,128.274,5.5
-15.353,-178.376,5.8
9.33,125.614,6.0
-21.244,169.798,6.4
-30.71,-178.161,5.8
-21.56,-68.284,5.6
-11.047,165.508,5.9
8.355,-70.985,5.6
-15.957,-173.928,5.6
-6.311,105.957,5.9
-8.976,-108.539,5.6
11.921,125.591,5.5
18.998,145.338,5.9
-4.054,123.149,5.7
44.76,147.588,5.6
-22.809,-69.125,5.9
34.53,24.437,5.6
-35.666,-16.242,6.2
24.132,142.402,5.8
0.677,126.005,6.1
-6.046,-77.913,5.7
-60.088,-29.392,5.8
56.647,-156.725,6.4
-27.149,-71.047,5.6
30.029,80.31,5.9
-8.299,115.934,5.7
-15.25,-70.089,6.0
-43.783,78.974,5.7
-22.813,-69.136,5.5
-60.428,-32.095,5.5
50.336,159.674,5.7
-10.628,164.948,5.6
0.795,126.043,5.5
42.255,18.752,6.2
52.611,-167.019,6.2
24.113,142.244,5.5
-25.998,-175.32,5.5
-9.691,154.221,5.8
36.409,31.751,5.9
-24.604,-70.262,5.8
-8.207,115.949,6.1
-24.689,-177.113,5.6
-30.812,117.179,6.1
15.684,-93.596,5.7
-18.633,169.235,5.6
-52.838,-75.098,5.5
-36.28,-97.953,6.0
8.106,-38.086,6.0
-54.326,-132.821,5.8
-5.05,152.086,5.5
-55.977,-27.868,5.8
-6.528,147.254,5.9
38.808,26.527,5.8
34.955,24.243,5.6
-14.509,167.217,5.6
-19.39,-173.361,5.5
17.0,-94.609,6.3
49.918,78.915,6.3
-2.99,139.82,5.6
-4.98,145.577,6.2
-20.02,-173.099,5.9
-5.956,103.644,5.6
36.475,71.218,5.7
7.164,-82.253,6.1
-29.482,-68.275,5.6
0.384,-24.966,5.6
8.316,-82.943,6.5
43.953,146.704,6.0
-42.369,83.973,5.6
-32.148,-71.321,5.7
50.053,79.065,5.8
1.192,126.213,5.6
-13.224,-112.151,5.6
-22.19,-179.579,5.5
31.452,119.241,5.5
-5.627,153.305,6.1
36.612,141.215,5.8
-36.314,-98.03,5.5
33.843,131.796,5.9
47.813,48.097,5.6
-4.426,98.757,5.7
-7.526,127.495,5.5
13.966,-93.427,5.7
-56.228,-27.026,5.7
13.858,124.537,5.5
-20.487,-174.212,5.9
-11.149,107.709,6.9
54.126,-160.886,5.5
-21.892,-138.993,6.0
49.986,142.576,5.5
-6.373,102.319,5.5
-54.764,146.331,5.5
-62.855,-161.427,5.8
49.901,78.959,6.1
-22.715,-177.494,6.4
37.1038333,-121.5123333,5.8
-8.714,108.856,5.6
-56.359,-26.016,5.9
-52.766,18.482,5.8
-52.027,161.296,5.6
34.515,140.223,5.8
-4.87,153.48,5.8
38.678,142.924,5.6
41.814,130.785,6.1
-17.715,167.848,6.1
-17.654,167.75,5.7
-4.372,127.87,5.5
49.971,79.01,6.1
36.479,70.134,6.1
52.274,157.329,5.6
8.951,-83.483,6.4
41.145,108.129,5.9
10.731,-41.688,6.6
-15.582,167.113,5.5
-17.675,167.683,6.0
19.066,122.096,7.1
-21.023,-175.846,5.5
53.978,-165.204,5.8
52.796,161.061,5.5
-22.867,171.652,5.6
-0.366,132.314,5.5
-27.551,-63.274,5.5
-5.97,149.672,5.8
8.123,125.004,5.5
-1.679,136.04,7.9
-1.639,136.223,5.6
-1.715,135.788,5.5
-1.147,136.467,5.9
-1.032,136.535,5.6
53.657,169.729,5.9
30.589,131.235,5.5
-15.634,-69.559,5.6
-30.074,-177.608,5.5
-58.631,-25.596,5.6
-5.709,103.044,5.6
3.49,128.088,5.9
-1.749,136.223,5.5
42.812,13.061,5.9
19.35,-155.07,5.5
19.347,-155.072,5.7
52.292,174.034,5.8
-60.595,-50.223,5.9
-60.526,-50.304,6.2
73.369,54.708,5.7
-7.17,154.331,5.5
-60.578,-50.306,5.6
-5.709,153.593,5.8
45.083,77.006,5.9
-19.067,168.717,5.8
-2.81,119.573,5.9
-19.276,-173.358,5.5
1.193,94.245,6.8
-21.082,-175.709,5.6
18.114,94.816,5.6
-7.416,128.304,5.6
9.828,126.254,5.5
-3.552,-76.267,5.5
-7.213,106.035,5.9
3.791,126.019,5.6
-46.675,165.707,7.4
-46.704,165.78,5.5
32.6673333,-115.3591667,6.4
33.02,-115.58,5.6
32.9986667,-115.5575,5.8
-1.155,136.416,5.7
11.659,43.786,5.6
18.524,145.281,6.1
-61.266,154.369,5.8
-1.161,136.598,6.0
51.859,177.129,6.0
-16.426,-172.849,5.5
73.338,54.807,5.8
0.524,126.58,5.6
-8.254,115.847,6.2
-7.372,128.159,5.6
0.666,125.921,6.3
-64.872,-170.537,5.5
-10.596,161.312,5.9
-10.615,161.284,7.1
-10.601,161.039,5.6
-10.634,161.232,5.7
-10.703,161.857,5.8
-10.705,161.205,5.5
-10.145,161.453,5.5
47.806,48.158,5.8
1.439,-101.26,5.5
-58.76,-25.242,5.5
13.833,-90.881,6.8
13.778,-90.73,6.6
49.967,79.06,6.0
35.016,140.596,5.5
18.794,145.132,5.6
-1.134,136.568,5.8
-5.859,150.214,5.7
-13.319,166.656,6.1
-7.656,108.252,6.1
-4.258,129.649,5.7
-15.596,-173.084,5.5
17.828,-68.617,5.9
-21.081,-178.847,5.7
-9.498,159.22,6.1
-32.314,179.204,5.7
55.642,164.112,5.7
-17.751,-178.72,5.5
-13.294,166.743,6.1
-59.463,-150.892,5.8
-3.421,140.149,5.6
-20.26,-176.149,5.5
-4.437,102.015,6.3
-23.576,-174.858,6.6
33.918,59.741,6.6
0.889,-27.105,5.6
-16.76,-179.984,6.9
-1.918,134.173,5.8
-56.58,-26.296,5.6
5.861,125.295,6.1
71.192,-8.029,5.6
-3.414,139.724,5.5
-24.344,-67.385,5.8
4.805,-76.217,6.4
-18.937,-176.594,6.2
-5.555,147.292,5.5
33.962,59.726,7.1
-31.376,-67.881,5.8
-56.465,-142.451,5.5
49.894,78.843,6.0
22.919,121.448,5.7
2.478,126.125,5.6
34.033,59.817,6.0
-5.091,129.809,5.5
-15.845,168.311,5.6
15.925,147.068,5.5
28.882,140.701,6.1
1.598,-79.358,7.7
2.149,-79.393,5.5
2.843,-78.831,5.7
5.509,-80.514,5.5
2.614,-79.215,5.8
-22.03,170.112,5.5
42.819,144.297,5.5
-3.299,102.712,6.6
-20.395,-173.741,5.5
-28.346,-176.76,5.5
-8.39,115.889,6.3
11.393,-86.458,5.5
-20.529,169.225,5.5
27.089,97.036,5.5
49.964,78.827,6.1
3.502,126.846,5.8
-6.847,129.634,5.8
-6.495,129.367,5.6
-2.702,67.959,5.6
-36.003,-71.341,5.6
0.964,125.99,5.8
40.216,144.109,5.5
2.099,-79.017,5.5
38.815,-27.78,6.7
5.984,126.188,6.0
5.935,126.132,5.7
0.036,67.175,5.7
5.688,126.023,5.8
6.058,126.469,5.8
51.324,156.671,5.6
5.672,126.038,5.7
-14.69,167.224,5.5
33.494,57.191,5.9
41.679,143.589,6.0
-56.631,-27.081,5.6
16.518,40.268,5.7
-22.398,-175.035,6.0
-33.194,-69.459,5.6
-22.209,-179.499,5.5
-21.829,170.585,5.6
-14.541,-73.493,5.7
-53.658,159.628,5.9
37.721,133.414,5.5
51.317,-178.488,5.8
2.714,128.526,5.8
-7.063,129.356,5.5
52.322,160.132,5.6
52.231,160.188,5.6
52.341,160.191,5.7
52.287,160.318,5.7
37.852,-121.815,5.8
52.076,160.295,5.5
-35.379,-105.869,5.9
2.445,128.112,5.6
-17.649,-171.184,6.4
5.436,-82.652,5.6
-57.907,-7.188,6.2
-7.883,156.236,5.8
-54.158,158.89,6.5
-54.264,158.77,5.8
43.995,147.231,5.5
-4.703,153.196,5.9
-6.323,146.568,5.6
36.517,76.892,6.1
44.533,149.739,6.0
44.563,149.59,5.6
52.663,158.903,5.5
-14.933,168.031,5.5
6.703,92.61,5.5
-30.035,-177.219,5.5
-30.032,-177.236,5.6
31.383,132.313,5.5
30.506,88.583,6.2
-10.694,161.601,5.9
43.53,146.753,7.0
43.49,146.654,5.6
43.243,146.9,5.9
-17.687,-178.5,5.5
-27.431,178.304,5.5
29.375,130.584,5.6
43.269,146.845,5.9
-6.017,150.189,6.6
-6.082,150.038,5.9
-6.187,150.228,5.6
43.299,146.869,5.6
6.299,126.881,6.1
26.993,126.621,6.3
12.147,144.011,5.7
43.122,147.328,5.5
-44.319,-82.084,5.5
-16.689,-72.952,5.9
-15.099,-173.606,5.7
-15.478,-173.557,5.6
-22.811,171.39,6.0
-22.673,171.357,6.7
27.176,126.588,5.5
34.873,140.424,5.5
3.059,126.94,5.6
55.707,161.484,5.7
-21.878,-139.02,5.7
-29.952,-71.539,5.6
52.969,-167.67,6.9
52.6,-167.453,6.1
23.867,-45.558,6.3
-17.983,-175.95,5.8
-17.904,-175.926,5.6
47.111,154.098,5.5
-4.598,154.878,5.8
-43.079,-75.204,5.9
35.448,135.473,5.8
16.129,121.962,6.3
-20.561,-173.803,6.2
-20.73,-173.74,5.7
-20.686,-173.588,6.1
4.028,97.555,5.9
-5.589,103.167,5.7
5.345,125.365,5.6
27.848,142.601,5.7
-6.397,154.955,5.6
-31.654,-67.476,5.5
-44.612,-80.1,5.5
-22.957,171.173,6.2
8.961,126.299,5.9
-23.466,-177.297,6.7
-10.878,164.076,6.1
-17.199,66.787,5.7
-8.082,108.793,5.8
-8.113,108.744,5.7
11.736,57.706,6.2
-6.194,131.574,5.6
32.108,137.571,5.7
-18.175,-178.112,5.6
49.947,78.799,5.5
-6.666,152.224,5.6
-15.59,-174.338,5.5
-20.076,-173.959,5.5
-19.479,-173.777,5.5
51.233,173.679,5.8
38.053,48.985,6.2
-5.903,154.389,5.8
34.419,140.25,5.8
-55.835,147.248,6.4
-5.965,154.431,5.7
-5.298,151.467,5.7
-23.625,-177.194,5.5
-14.464,167.902,6.1
-6.007,154.513,6.1
-6.197,125.76,6.1
-5.98,154.452,5.8
46.2073333,-122.188,5.7
43.294,20.837,5.8
-6.146,154.545,5.6
49.729,78.1,5.5
-7.071,129.628,5.8
-6.05,150.28,5.5
37.5903333,-118.831,6.1
37.6768333,-118.8996667,6.0
37.6956667,-118.75,6.47
37.5538333,-118.807,6.1
37.6186667,-118.8348333,5.7
-19.364,-69.238,6.1
37.5206667,-118.8761667,5.7
-18.649,-174.748,6.1
37.6243333,-118.7551667,6.31
37.5033333,-118.8055,6.2
38.482,14.252,5.7
-6.055,148.161,5.5
-5.234,151.341,5.7
-4.025,141.901,5.7
-5.489,146.991,5.5
-59.155,158.345,5.7
32.1998333,-115.1221667,6.3
9.614,126.611,5.9
9.754,126.64,6.0
15.393,147.483,5.6
-15.391,-173.155,5.8
15.382,147.499,5.8
40.796,139.86,5.6
-6.888,125.38,5.8
35.126,141.144,5.5
-32.723,-71.645,5.5
49.944,79.038,5.6
-18.276,-177.966,5.6
9.752,126.527,5.6
-22.029,-68.459,5.5
-22.023,-138.873,5.5
-7.348,128.542,6.0
-20.175,-178.443,5.6
-5.178,152.111,6.0
21.956,121.55,5.8
-15.268,-173.57,6.5
9.475,126.657,6.8
9.309,126.591,5.5
9.335,126.789,5.6
9.524,126.725,5.9
-29.956,-177.987,6.1
9.353,126.55,5.5
9.319,126.54,5.6
-10.965,119.103,5.6
-57.973,-10.656,6.0
-28.678,-176.726,5.7
-28.776,-176.687,6.2
-5.977,103.958,6.0
4.437,-75.779,5.7
-6.592,146.84,5.7
-5.233,151.686,6.5
49.92,78.849,5.7
34.808,139.181,6.2
-15.179,-173.612,5.7
-31.469,-178.388,5.5
-51.019,139.359,5.5
6.63,125.789,5.9
-12.41,166.381,7.5
-12.742,165.634,5.6
39.269,23.041,6.4
39.257,22.557,6.3
-12.807,166.097,5.9
-12.63,166.017,5.9
-12.689,166.004,6.7
-12.641,165.874,5.6
-33.474,-70.151,5.6
-29.273,-177.154,6.6
-4.456,143.521,6.5
-12.525,165.916,7.9
-11.828,166.44,5.7
-12.887,165.222,5.6
-24.034,-176.097,5.6
-28.997,-69.675,6.1
-21.886,-139.019,5.9
16.353,-91.945,5.5
-17.865,-178.625,6.0
-6.252,154.441,5.7
-12.499,166.458,5.7
-12.287,166.509,5.9
-20.302,169.607,6.1
-2.791,101.199,5.5
-22.0,170.144,5.8
0.859,-29.601,5.5
-13.101,166.338,6.7
29.331,81.258,5.7
29.598,81.092,6.5
5.276,-82.665,5.9
-11.086,165.433,6.3
51.999,-169.284,5.5
15.888,-88.516,6.4
-56.012,-121.505,5.7
-1.347,120.366,5.5
-1.948,-80.017,5.6
-3.579,140.037,5.8
-41.318,80.508,6.3
-2.026,68.058,5.5
-15.222,-173.674,6.2
-14.784,167.915,5.5
15.869,94.701,5.5
-12.499,166.462,5.6
17.179,73.707,5.5
3.238,-78.19,5.8
38.1383333,-118.3913333,5.52
-12.132,166.294,5.5
-18.612,176.107,5.5
-4.109,127.459,5.6
49.976,78.889,6.2
-61.387,-56.429,5.8
-15.276,-173.593,5.6
13.892,120.725,5.7
-5.125,102.41,5.5
-6.426,148.139,5.6
-15.596,167.511,5.6
35.45,139.964,6.0
35.46,140.08,5.5
-3.225,142.237,6.5
-15.028,167.295,5.9
-55.974,-27.573,5.6
-6.31,154.809,6.0
19.942,122.422,5.5
-15.722,-179.359,6.0
-39.542,176.478,5.6
-11.377,117.571,5.7
35.598,82.073,5.5
-0.004,123.278,5.5
-15.219,-174.015,5.5
-5.366,103.118,6.3
-4.864,-105.921,5.6
-1.38,-77.686,5.5
-15.379,-173.42,6.0
36.195,1.354,7.3
36.364,1.632,5.9
36.221,1.611,6.2
73.353,54.997,5.8
49.958,79.085,5.9
24.281,121.913,5.5
-6.108,145.52,5.8
32.762,48.572,5.8
33.075,140.379,5.6
-6.271,154.838,5.7
-36.495,-98.605,5.6
-6.605,129.621,5.8
-21.989,170.165,6.7
-22.019,169.941,5.5
-21.961,169.981,5.6
18.211,-98.24,6.4
-21.982,170.025,6.7
-21.89,169.853,7.2
-21.887,169.666,5.5
-22.313,170.38,6.5
11.751,125.502,6.1
-22.065,169.46,5.6
-22.146,169.464,5.5
-22.283,170.166,5.6
-0.146,-24.85,5.5
-13.059,166.129,6.2
-22.217,169.509,5.5
-30.464,-177.94,5.6
-21.492,169.469,6.4
8.398,93.35,6.2
-22.238,169.546,5.8
14.366,145.774,5.6
18.954,-107.628,6.1
53.817,160.741,5.9
-2.701,122.058,5.6
43.754,86.141,5.6
41.117,-124.253,7.2
-31.576,-67.468,5.7
-51.422,28.796,6.7
19.441,-69.607,5.9
3.454,126.708,5.6
-31.691,-178.121,5.6
27.394,88.752,6.1
-6.513,131.529,5.7
-6.064,149.286,5.8
51.798,-176.141,5.7
-3.665,140.044,5.5
40.914,15.366,6.9
40.385,141.307,5.8
27.585,56.503,5.5
-35.346,179.96,5.7
-19.426,-175.85,6.0
-27.134,-176.474,5.5
-21.938,-138.961,5.6
-30.245,-178.012,5.6
52.256,160.116,5.5
36.027,1.229,5.7
-14.835,166.838,5.9
-65.721,-175.714,5.6
-21.272,-68.153,6.1
32.418,131.746,5.6
-58.937,149.114,5.6
6.677,123.894,5.5
49.932,79.005,5.9
52.994,171.064,5.6
-6.101,149.792,5.8
-17.593,-172.3,6.3
45.988,90.384,5.5
-25.025,-175.451,5.5
-21.417,169.875,6.0
49.479,-129.496,6.8
36.009,44.67,5.8
34.587,50.652,5.8
-21.339,-174.359,6.1
30.581,140.643,6.2
-0.987,138.556,5.5
-9.047,158.42,5.9
34.503,50.59,5.5
-16.29,178.165,5.9
-5.64,145.496,5.6
-8.955,112.041,5.6
-22.214,-179.594,5.5
-21.126,-174.346,5.5
50.04,79.046,5.9
46.06,151.453,6.5
-15.487,-173.534,5.6
2.137,-79.168,5.7
29.244,128.136,6.1
44.21,149.153,5.5
2.156,-79.232,5.7
-9.841,160.433,5.6
2.004,-79.29,5.6
-23.754,-70.622,5.5
-49.907,-114.138,5.7
19.173,121.151,5.7
-14.974,-174.019,5.6
36.362,71.416,5.5
2.059,98.07,5.7
-5.429,102.908,5.5
-61.091,-55.426,6.0
38.489,142.972,5.8
38.51,142.977,5.9
38.64,142.75,7.0
38.58,142.82,6.2
38.64,142.75,6.9
38.599,142.877,6.1
-8.497,124.779,5.7
-4.576,139.232,6.7
-3.471,146.13,6.1
-15.99,-172.524,5.6
-59.323,-27.006,5.5
-30.96,-177.638,5.5
38.215,142.672,6.4
42.524,142.122,6.3
38.149,142.775,5.9
30.927,101.098,6.8
-29.682,60.839,6.8
-5.419,102.933,5.6
-6.649,130.241,5.5
-54.59,158.016,5.6
24.513,121.939,5.6
-56.115,-27.195,5.6
51.744,176.274,7.0
-5.608,110.209,5.7
51.573,176.075,5.6
-11.905,166.421,5.8
-11.139,117.314,5.6
51.337,176.777,5.6
36.443,1.655,5.7
53.03,162.406,5.9
50.167,-176.273,5.7
-10.681,107.965,5.7
-21.094,-178.934,5.6
54.974,165.993,5.5
9.563,126.588,5.6
-15.594,-74.529,5.6
3.333,128.128,5.6
-11.426,-12.98,5.6
-21.743,169.377,6.7
-23.09,39.479,5.7
29.328,130.216,5.9
-21.541,169.462,6.0
44.639,149.342,5.9
-33.275,-178.908,5.6
22.918,121.448,5.7
-22.198,174.827,6.2
36.338,71.393,5.9
39.076,143.339,5.7
-13.819,166.552,5.6
-21.382,169.162,5.9
28.314,129.41,5.9
-6.06,148.745,5.9
38.484,142.895,5.7
38.222,22.934,6.7
38.125,23.141,6.4
49.806,156.248,5.6
-13.925,166.461,5.7
-6.41,-81.416,6.0
22.894,121.453,5.9
-25.742,-176.678,5.5
38.209,23.288,6.4
-37.307,177.301,5.7
-6.251,154.824,5.7
3.893,-85.915,6.4
38.187,23.32,5.5
-30.573,-178.208,5.7
18.831,-103.907,5.7
39.481,20.699,5.6
-23.378,-175.291,5.5
-7.183,146.124,5.5
13.898,120.706,5.6
-8.759,110.428,5.6
-47.993,99.606,5.8
-5.45,146.715,6.0
-33.661,-71.892,6.2
-22.805,172.708,5.5
52.673,-168.037,5.5
-48.138,-9.919,5.6
-49.263,164.787,5.5
-21.588,-174.263,5.7
-19.37,-68.957,5.8
3.412,127.998,6.1
-5.759,151.011,5.5
50.008,79.023,5.6
-2.277,138.849,5.9
-35.509,-179.66,5.5
-27.31,-63.32,5.9
-9.664,118.961,5.5
-6.134,154.508,5.8
-55.908,-27.382,5.6
45.667,152.32,5.9
-59.779,150.235,6.2
-4.037,147.484,5.8
-23.414,-175.356,5.5
14.275,119.194,5.7
37.232,142.179,5.7
-55.989,-27.442,5.8
25.75,125.798,5.6
49.901,78.901,5.9
-14.623,166.76,5.5
-12.097,166.517,5.7
-13.426,166.421,6.9
-22.25,179.41,6.1
-13.53,166.674,5.9
-22.249,179.413,5.7
24.941,95.384,5.7
33.0955,-115.6245,5.75
-13.228,166.5,5.5
-57.591,148.079,6.5
-23.721,179.981,6.0
43.233,150.222,6.1
36.355,71.085,6.3
-1.886,-80.885,6.4
42.66,139.129,6.0
-26.581,-64.911,5.5
-5.16,154.7,5.9
5.829,127.008,6.0
-56.073,-26.962,5.5
-31.025,-179.196,5.5
-6.562,132.255,5.8
68.205,53.656,5.5
-48.786,164.357,7.6
6.156,127.441,5.7
-14.692,167.28,5.9
-5.682,151.409,6.0
31.851,78.411,5.6
-49.152,164.743,5.7
-16.126,-173.559,6.0
18.734,-107.026,6.0
-35.56,-17.04,6.4
52.281,-165.199,5.5
44.701,148.899,5.9
16.592,145.471,5.7
34.501,91.444,6.0
29.913,57.715,6.7
-60.171,154.712,6.0
36.176,67.827,5.5
-56.405,-24.814,5.6
-20.065,169.036,5.5
-21.379,169.451,5.8
-20.256,-70.446,5.6
-41.697,79.929,6.0
-30.269,-178.986,5.7
-15.29,-173.462,5.6
-22.293,171.742,7.0
-0.166,-18.837,6.4
-22.92,-179.469,5.5
-1.983,124.704,5.5
-3.451,134.796,5.6
50.207,-173.158,5.5
-36.818,78.491,6.1
-17.26,167.601,7.0
-17.595,167.598,5.5
45.425,150.076,5.5
-17.143,167.524,5.5
-15.436,167.473,5.8
37.141,45.23,5.6
