-21.681,169.523,5.6
11.88,141.681,5.5
-41.574,-73.204,5.5
30.013,57.794,7.1
-21.617,169.627,6.2
-18.643,-173.553,5.7
38.072,49.34,5.6
-5.186,151.674,5.9
29.537,130.585,5.5
44.849,17.312,5.5
2.446,127.044,5.5
46.567,152.657,5.6
-2.751,139.157,5.8
14.422,-93.784,5.6
-25.451,-179.058,5.5
-22.983,170.502,5.6
-9.248,67.181,5.8
-3.981,140.408,5.5
-22.069,170.955,5.8
48.718,157.39,6.0
-22.894,-175.854,5.9
-22.9,-175.905,5.7
-5.343,151.476,5.7
-15.139,-173.288,5.8
-14.96,-173.085,7.7
-15.154,-173.264,5.6
-15.314,-173.301,5.7
-15.225,-173.178,5.6
-15.474,-172.977,5.5
35.707,140.898,5.5
6.49,126.198,5.8
43.621,147.031,6.6
35.205,140.955,5.6
11.05,123.21,6.6
9.964,124.035,6.0
33.66,-119.11,5.8
-21.488,169.6,6.2
30.649,141.551,5.8
43.406,146.463,5.7
10.678,144.746,5.6
35.693,73.594,6.2
49.897,78.983,6.0
-60.843,-19.751,5.6
24.866,-46.301,5.8
18.32,-68.891,5.9
-6.35,130.683,5.9
-6.489,127.927,5.8
-22.518,170.506,6.6
-22.337,170.493,5.6
-39.081,-74.808,5.6
-22.48,170.764,5.6
-28.223,-176.895,5.5
-6.794,129.523,5.6
-22.295,170.604,5.6
-22.185,170.491,6.0
28.97,142.215,5.7
-45.653,79.864,5.5
-29.972,-178.012,5.9
38.499,143.158,6.1
40.181,143.177,5.5
-2.372,140.32,5.7
-29.335,-179.039,6.0
37.5838333,-118.8645,5.9
37.608,-118.888,6.0
-4.798,-112.008,5.9
73.317,54.812,5.9
-33.913,-179.619,5.7
50.733,160.429,5.9
-4.57,146.123,6.3
-9.406,159.308,5.7
-20.752,-178.632,5.8
-6.402,154.899,5.8
-11.443,66.277,6.0
-9.979,162.046,6.4
0.44,120.867,5.6
40.229,142.287,6.0
-33.134,-73.074,7.2
-0.2,-16.512,5.5
-56.397,-27.35,5.7
-7.101,128.974,6.1
-3.199,142.255,5.9
-45.509,-15.18,6.0
4.596,122.662,5.8
49.886,78.898,6.0
43.257,45.308,5.7
-18.238,-179.292,5.6
-8.78,106.448,5.5
-8.812,106.456,5.7
18.048,-102.084,7.3
-31.272,-110.649,6.2
-52.944,27.297,5.5
12.198,92.855,5.7
-1.831,-78.436,5.6
43.542,-127.706,6.2
-20.046,-174.276,6.3
-21.549,170.147,5.8
-59.713,-26.238,5.5
-3.558,143.79,6.9
-32.199,-71.336,6.8
-17.088,66.691,6.0
-6.169,112.154,5.8
37.281,115.017,5.5
61.809,153.666,5.6
53.221,-165.747,5.5
-23.921,-175.57,5.6
-65.635,179.899,6.0
-55.995,-27.272,5.5
-22.141,169.503,6.2
-33.886,-179.695,5.9
-2.282,22.813,5.8
-29.516,-177.228,6.0
31.803,131.726,5.5
18.752,120.839,6.5
43.001,146.179,5.9
-22.504,170.635,6.7
-22.372,170.558,6.2
-3.2,142.15,5.6
-15.246,-173.308,5.8
-20.943,-178.863,5.9
48.82,154.905,5.5
6.477,127.384,5.5
42.913,131.076,5.8
49.86,78.857,5.6
-37.112,179.712,5.7
-7.413,128.801,5.7
40.907,142.515,5.9
-21.816,-179.463,5.6
-15.756,88.387,5.7
14.57,58.09,5.6
-6.171,152.045,6.1
8.001,-38.411,5.5
-6.087,148.178,5.7
23.932,125.856,6.3
4.888,70.145,5.5
-6.387,154.929,5.9
-6.343,154.923,5.5
-9.348,111.761,5.7
-56.363,-26.481,5.8
39.243,25.227,7.2
-9.753,154.724,5.5
-15.452,-173.754,5.6
-29.97,-177.61,6.8
-22.045,-176.377,5.5
-30.392,-177.497,5.5
-29.934,-177.741,7.1
49.909,78.873,6.2
-2.121,139.801,5.9
38.938,24.905,6.5
-15.001,168.165,5.6
-30.24,-177.885,5.5
-17.954,-178.496,5.5
26.823,142.557,6.7
-0.972,-21.87,6.5
18.014,145.626,6.1
17.87,145.455,5.8
-23.165,-177.312,6.0
-10.517,161.334,5.5
-12.07,166.707,5.8
-3.387,177.569,5.8
-56.44,-26.531,5.7
46.984,-66.656,5.7
13.752,124.358,7.1
13.945,124.407,5.9
-52.478,27.988,5.8
13.158,-87.589,6.0
-9.55,152.161,6.0
-8.036,119.765,5.5
-9.549,152.152,5.6
-9.523,151.949,5.9
9.994,124.249,5.6
-9.513,152.146,6.0
-17.288,167.814,5.6
40.004,24.319,6.8
39.906,24.578,5.5
-4.046,153.475,5.5
6.946,94.002,6.3
7.119,93.944,6.2
52.503,160.549,5.5
19.22,-155.6,5.7
19.218,-155.552,5.6
-19.092,169.172,5.5
23.9,121.707,5.9
31.696,82.246,6.5
31.582,82.205,6.0
21.649,-45.477,5.8
14.085,124.347,6.4
53.222,-165.719,6.1
-7.182,146.036,5.7
-6.096,111.673,5.6
-27.383,-71.782,6.1
25.509,-45.288,5.8
16.737,-61.43,6.0
-22.713,-179.184,5.5
-6.106,102.227,5.5
29.035,-113.053,5.6
-6.863,106.936,5.5
-22.648,-66.466,5.9
-11.471,117.991,5.6
-30.179,-177.897,5.6
-47.376,100.073,5.7
-3.505,177.475,5.7
-16.713,177.231,5.5
-10.861,166.015,6.8
33.579,140.999,6.5
-6.178,102.415,5.5
1.842,128.179,5.5
33.598,141.006,5.6
-10.077,160.978,5.5
22.288,143.458,5.9
-21.698,-173.538,5.6
-11.348,117.26,5.6
-7.291,120.31,5.5
-22.426,173.624,6.0
-0.774,136.255,5.7
36.441,140.452,5.6
38.009,72.695,5.5
-25.096,-175.569,5.9
52.96,159.804,5.6
-56.037,-27.291,6.0
-9.265,118.479,6.4
13.913,123.571,5.7
-3.324,177.533,5.6
-2.802,138.811,5.5
42.158,142.361,6.7
42.231,142.52,5.8
-18.586,-175.188,5.9
6.65,175.064,5.6
-52.733,-46.782,6.0
-6.845,129.399,5.6
34.711,140.825,5.7
-11.102,162.943,5.5
-11.083,163.075,5.6
-31.485,-178.66,6.0
-12.69,-76.065,6.1
-3.652,145.624,5.7
-15.471,-179.61,6.3
-5.035,148.942,5.9
0.088,123.332,6.0
-15.096,168.151,5.5
-3.465,139.745,5.5
14.315,-92.082,6.5
18.519,86.276,5.5
-20.614,-174.181,5.5
26.484,126.245,5.5
-33.91,58.027,5.6
-33.832,58.078,5.6
17.38,-83.499,5.9
-21.032,-176.3,5.6
-30.185,-177.89,6.1
46.765,154.061,5.5
-4.74,103.161,5.5
-15.792,-172.985,6.0
19.871,120.526,6.2
-6.507,130.712,5.5
28.931,142.232,5.7
-3.394,177.474,5.5
-28.185,-114.069,5.9
-26.044,-178.625,5.5
19.888,120.518,5.8
-6.823,129.9,5.7
51.178,-179.844,5.6
49.889,78.931,6.1
-15.055,167.38,5.7
-4.133,119.035,5.5
-56.245,-27.457,5.7
-29.318,-177.151,6.5
-23.467,-68.814,5.5
40.068,71.542,5.6
-6.049,147.19,5.5
-0.624,123.291,5.9
-60.597,-20.877,6.7
-10.734,94.507,5.5
-7.706,128.452,5.7
-24.636,179.223,5.6
50.574,-129.747,5.7
-3.458,177.542,5.5
-20.283,168.22,5.9
-27.776,172.158,5.6
7.564,94.023,5.5
-3.385,177.395,5.9
48.826,154.969,5.9
42.812,143.164,5.8
-5.207,152.494,5.7
55.138,165.401,6.4
7.776,135.777,6.4
38.695,142.094,5.9
-41.548,-75.106,6.1
-18.083,-172.492,6.4
51.597,-177.333,5.8
4.093,124.523,5.7
44.432,148.326,5.6
35.357,-36.023,5.7
-17.953,-172.379,5.5
16.607,-98.149,6.9
16.558,-98.358,7.0
-41.94,88.306,5.6
-5.708,150.962,5.9
-46.147,95.384,5.6
-17.616,-174.414,6.3
-17.68,-174.411,5.5
-4.714,103.061,5.9
31.907,99.931,5.6
-34.023,58.37,5.5
-22.614,171.836,5.6
13.313,-89.339,6.2
-14.719,167.876,5.6
-10.783,164.174,5.6
-7.339,126.043,6.3
4.067,124.532,5.6
-44.009,-15.978,5.6
-6.356,103.437,5.8
-55.486,160.161,6.1
44.679,151.143,6.9
51.426,-179.943,6.0
49.995,78.856,6.1
27.929,136.967,7.1
7.653,-72.197,5.5
-19.531,-173.81,5.6
30.997,130.451,5.7
-31.26,-178.8,5.6
-20.828,-178.801,5.5
-51.225,160.513,7.0
-55.985,146.843,5.5
-3.305,177.592,5.5
-3.342,177.581,5.6
-21.735,173.132,6.2
54.55,161.472,5.5
-6.809,129.417,5.6
36.194,141.702,7.1
36.067,141.725,6.2
36.314,141.643,5.5
-21.864,-138.943,5.6
3.589,128.481,5.7
-18.652,-173.635,5.7
51.755,176.137,6.4
-6.118,149.311,5.5
13.741,146.34,5.9
-5.767,146.567,5.6
-12.597,165.931,7.0
-8.375,120.577,5.9
-8.319,120.416,5.5
-16.548,-172.637,5.7
-11.143,115.418,6.4
35.655,141.864,5.5
-12.715,166.161,5.6
-5.352,-77.367,5.5
-8.777,123.985,5.5
-3.064,130.302,5.6
-4.354,153.158,6.5
-1.568,-24.291,5.6
-3.386,177.569,5.5
-5.055,143.964,5.9
-10.063,-76.352,5.5
9.543,-84.161,5.5
33.772,22.961,6.4
-9.25,157.661,5.7
-19.067,169.578,5.6
6.718,-82.68,6.8
-20.553,169.451,5.7
36.354,141.484,5.6
-2.692,-79.871,6.1
-6.018,112.769,5.8
-39.753,176.886,5.6
43.913,148.478,6.1
43.815,148.42,5.8
43.766,148.427,5.7
-23.859,-66.605,5.5
-15.296,-173.089,6.3
-15.433,-173.062,6.3
15.559,147.581,5.5
-25.524,-176.245,6.1
-5.593,149.524,5.6
29.325,140.36,6.8
56.844,-151.588,5.7
-22.078,169.408,5.5
52.64,-166.941,5.9
52.819,-167.053,5.5
-7.23,147.991,6.4
-14.493,-70.785,6.3
-21.576,169.211,5.5
-15.707,-172.745,5.6
-23.469,-179.852,6.2
-26.916,-176.373,5.6
-26.93,-175.963,6.1
-26.886,-175.873,5.9
-54.355,143.865,5.8
-26.976,-176.197,5.8
-54.442,143.515,5.5
-9.645,152.044,5.9
-9.567,152.243,6.1
0.196,120.679,5.6
5.979,126.617,5.5
-11.343,166.3,5.5
-7.071,129.726,5.5
50.053,158.798,5.5
47.015,152.289,5.6
1.299,126.304,5.6
-24.271,-176.674,6.4
14.487,-89.121,5.5
-14.964,-173.146,5.6
-14.74,167.273,5.6
51.435,-176.62,5.5
-31.971,-178.514,5.6
-15.591,168.004,6.0
-30.516,-177.808,5.6
-22.797,171.15,5.5
-53.451,-3.467,5.8
-7.156,125.876,6.2
-54.782,-130.5,5.5
73.392,54.559,5.6
-62.553,166.926,5.7
49.632,155.892,5.5
-17.889,-172.888,5.5
-11.36,163.135,5.9
23.825,121.836,5.9
2.987,65.855,5.5
-29.683,-71.367,5.5
-7.403,108.744,5.6
20.483,121.523,5.5
-6.049,130.452,5.6
2.967,96.1,5.5
44.045,148.04,5.7
-15.488,-175.955,5.8
-6.65,101.63,6.3
-55.788,-26.873,5.6
1.491,126.375,5.5
52.986,158.669,5.6
-9.374,122.605,5.5
-14.614,168.025,6.1
40.883,19.59,5.6
-5.871,147.18,5.5
-54.377,-56.217,5.7
-1.719,-76.703,6.6
-31.207,-65.835,5.6
-10.599,-74.699,6.7
-54.415,-56.311,5.6
34.583,70.508,5.7
55.4,163.176,6.3
-7.184,130.084,5.6
-23.913,-175.821,5.5
12.775,-90.998,5.5
-55.889,-144.236,5.6
50.205,147.727,5.6
-7.62,116.914,5.5
51.883,-170.447,5.5
-4.499,138.951,5.6
-13.323,167.205,6.6
49.928,78.869,6.1
-9.884,161.168,5.7
-23.41,-175.952,5.7
12.08,46.077,5.6
-41.391,-87.65,5.5
-29.041,-112.552,5.9
-3.507,177.682,5.6
-21.0,168.526,5.5
-63.059,-60.727,5.5
-63.091,-61.161,5.8
14.701,44.379,6.3
-24.061,-175.622,5.8
-24.018,-175.63,5.5
36.148,69.011,6.6
24.595,122.547,6.5
-26.674,-176.152,5.6
1.782,126.644,5.5
-32.547,-178.411,5.7
-32.555,-178.317,5.5
-24.178,-175.922,5.7
-24.133,-175.864,7.2
-24.352,-176.018,5.5
-23.833,-175.664,5.6
30.574,57.524,5.9
-24.789,-175.612,5.5
-23.887,-175.502,5.5
-24.337,-175.627,5.5
-57.43,-25.737,5.9
-24.038,-175.467,6.0
-23.723,-175.977,6.3
-24.504,-175.872,5.9
-24.583,-176.067,5.5
-24.741,-175.685,5.9
-23.545,-175.939,6.3
-23.736,-175.749,5.8
-23.589,-175.048,5.5
-24.725,-175.99,5.7
46.05,-27.588,5.5
-24.442,-176.201,5.6
-23.618,-175.503,5.5
-8.405,123.08,5.9
50.066,79.043,5.7
33.79,139.413,5.5
33.826,139.434,6.3
19.945,121.397,6.0
-23.687,-175.592,5.6
33.763,139.336,5.5
-20.993,-68.464,6.0
42.796,77.423,5.8
-16.943,-69.114,6.3
-4.846,103.153,5.5
-59.495,-26.262,5.5
-3.151,101.227,5.5
54.744,162.829,5.6
9.665,122.182,5.6
-15.296,-177.9,5.8
-15.394,-173.33,6.4
-3.161,148.195,6.1
55.179,163.244,6.1
-1.928,133.696,5.7
-22.006,-68.47,5.6
-27.237,-63.301,5.7
-35.813,-102.631,5.6
55.911,-154.154,5.8
7.405,124.575,5.6
33.268,136.04,5.5
52.844,160.076,5.6
-16.782,-177.155,5.7
-5.458,147.046,6.7
38.026,20.228,7.0
-6.489,147.446,5.5
-57.966,-24.311,6.5
38.173,20.225,5.6
-3.464,141.31,5.5
-6.667,102.985,5.5
-6.672,103.027,6.0
-6.713,102.976,6.1
45.223,7.164,5.5
-37.219,-95.179,5.5
16.147,-95.232,6.3
4.209,122.641,5.5
51.381,176.251,5.7
16.214,-95.215,5.5
39.74,-14.484,5.8
12.942,93.582,6.8
-3.601,140.193,5.8
-49.556,-114.079,6.4
-30.383,-179.339,7.0
-24.105,-66.96,5.6
2.602,124.075,5.6
-10.887,165.924,5.6
-36.226,-100.974,5.5
-58.151,-24.206,5.5
33.407,140.812,5.7
-3.48,177.709,5.6
1.493,127.294,5.5
-10.228,124.4,5.5
16.063,-95.093,5.5
-3.514,177.768,5.8
-26.689,-177.643,5.5
16.872,-98.365,5.5
26.838,57.562,5.7
-29.707,-177.837,6.0
51.754,159.618,5.7
-7.574,156.04,5.7
5.669,126.297,6.3
39.945,75.135,6.2
13.837,144.935,5.7
10.504,140.924,6.2
54.931,-159.189,6.5
54.969,-159.236,5.9
-21.592,-174.179,5.8
8.735,124.039,5.8
5.546,126.246,6.4
37.898,21.08,5.5
16.356,-95.011,5.7
-5.401,146.878,5.9
-18.268,-69.438,6.9
49.243,155.601,6.4
-13.453,-76.793,5.5
35.869,139.916,5.9
44.161,148.058,6.1
-43.977,-79.062,5.5
-11.535,-77.8,5.6
-6.212,100.7,5.5
39.497,143.234,5.7
-3.471,177.628,5.8
11.007,-62.364,5.9
43.813,147.397,6.2
5.397,126.649,5.6
-6.972,147.389,5.7
-4.036,127.893,6.0
-4.056,127.924,6.7
-18.116,168.073,5.8
-4.192,127.784,5.5
-8.172,-79.997,5.5
-54.997,-1.022,5.5
5.346,126.566,6.7
12.298,143.974,5.6
51.596,142.452,5.6
12.91,122.94,5.7
-4.883,153.581,7.6
-4.597,153.572,5.5
35.081,25.35,5.7
2.326,126.7,5.5
-4.694,153.161,6.4
-5.036,153.647,5.6
-21.466,-175.451,6.7
-7.275,128.912,5.6
-21.508,-175.253,5.5
-6.514,154.603,6.4
-6.586,154.6,6.0
38.294,20.262,6.4
-49.484,125.976,5.6
-6.52,129.96,5.5
1.682,122.55,5.5
2.461,-76.686,5.5
-28.529,-66.6,5.5
8.717,-83.123,7.1
8.655,-83.327,5.5
51.976,179.259,5.6
5.723,94.722,6.9
5.791,94.746,5.9
-14.343,171.481,5.6
52.931,159.858,5.9
49.408,155.602,6.5
-15.038,167.289,6.2
40.025,75.26,5.6
-22.532,-175.115,5.5
7.985,-82.695,5.5
11.429,57.52,6.7
-17.846,-174.503,5.8
10.419,-62.764,6.1
-35.55,-179.252,5.7
5.25,61.619,5.7
-4.843,-78.103,7.0
-39.723,-74.531,5.9
-19.221,-175.469,5.9
-6.487,154.938,5.8
-5.979,-75.663,5.6
53.386,160.311,5.8
-10.161,110.89,5.7
-20.725,169.232,6.2
27.793,62.054,7.0
-21.847,-138.906,5.6
14.926,99.023,5.7
6.105,126.884,5.6
-11.206,118.92,5.5
-53.072,-117.844,5.5
-16.233,-177.817,5.6
-23.976,-175.956,5.6
-8.875,157.669,6.4
-15.993,168.428,5.5
24.647,122.589,5.7
-62.511,155.497,5.9
-21.137,-174.272,5.6
-30.945,-178.064,5.6
-21.354,-174.252,5.8
41.473,143.764,6.5
46.353,153.453,6.2
46.327,153.435,5.6
-20.733,-178.475,5.7
36.24,-120.3,6.3
36.2316667,-120.312,6.7
36.23,-120.29,5.5
-20.29,-178.296,5.5
-33.866,179.649,5.7
5.429,-82.601,5.5
15.439,121.711,5.6
19.972,-109.367,5.8
-40.93,-74.909,6.0
-61.865,161.283,5.5
8.233,-82.957,6.1
19.98,-109.454,6.1
24.419,121.56,5.6
-5.399,150.896,6.5
-4.805,152.509,6.7
2.293,128.34,6.2
-21.432,-173.453,5.7
17.631,-46.529,5.7
17.63,-46.567,5.6
2.965,128.055,5.5
-18.907,-175.641,6.5
-5.371,150.938,5.7
0.147,-77.122,5.7
-19.065,-69.139,5.5
-13.812,171.308,5.7
-21.895,-138.918,5.9
40.462,139.102,7.4
40.95,139.395,5.7
40.826,139.326,5.8
40.979,139.256,5.5
41.243,138.948,5.6
40.234,138.984,5.6
32.594,48.581,5.6
40.696,139.367,5.6
-4.741,103.082,5.6
13.833,120.749,5.5
-17.038,-174.605,6.6
-15.694,-172.812,6.1
-53.049,9.724,5.7
-9.512,-71.249,6.2
45.344,150.38,5.7
-50.685,29.103,5.5
40.237,139.023,6.0
40.268,139.023,6.3
51.414,-174.111,6.1
-5.937,122.636,5.5
75.53,122.76,5.6
-24.183,-176.329,5.7
49.906,78.981,6.1
1.527,127.323,5.7
-15.232,-173.631,5.5
-36.383,-97.524,5.6
52.235,159.599,5.5
-8.228,156.357,5.5
40.176,138.944,5.5
-23.579,179.098,5.5
41.346,139.099,6.7
41.381,139.281,5.5
24.199,122.422,6.4
29.718,129.395,5.9
-51.722,139.573,5.6
21.721,103.282,6.3
24.176,122.402,6.7
21.4,102.604,6.9
-32.835,-178.791,5.6
-22.003,-177.451,5.5
-32.926,-178.699,5.5
60.219,-141.287,5.9
44.043,147.837,5.6
2.578,128.293,5.5
-20.749,-178.345,5.5
-57.934,-25.373,5.6
36.935,141.115,5.5
5.747,94.715,5.7
20.161,122.379,5.9
9.652,-83.688,6.5
-55.575,-27.994,5.5
-55.849,-123.404,5.9
-24.22,-174.867,5.5
-22.599,171.02,6.4
40.324,27.222,6.1
-22.66,171.018,5.6
-57.879,-25.615,5.7
-22.648,170.89,5.8
-22.609,170.731,6.2
-7.271,27.844,5.8
-21.745,-173.381,5.5
-60.889,-53.02,6.9
23.952,-108.293,5.5
27.606,56.381,5.9
61.03,-147.38,6.4
61.031,-147.286,6.6
5.557,126.452,6.3
5.488,126.502,5.7
-7.176,129.336,5.5
-31.411,-178.125,5.6
-0.123,121.654,5.5
12.669,-87.181,5.6
5.957,127.44,5.7
-22.193,-68.451,5.5
36.948,49.18,5.6
-0.161,121.564,5.8
-27.995,-176.382,5.5
53.93,158.372,6.2
-8.141,119.504,6.4
-28.159,-176.32,5.6
41.97,142.654,5.5
10.502,56.967,5.7
-20.127,-126.931,5.7
-48.284,-75.848,5.6
20.435,122.101,6.3
45.139,153.485,5.5
-17.395,167.914,5.6
52.934,159.734,5.5
-17.304,167.87,5.7
-3.596,-62.153,5.6
51.63,15.994,5.8
16.125,-93.885,5.7
40.142,24.766,6.8
-6.518,130.119,6.0
35.498,139.069,5.7
-23.782,-175.967,5.5
18.828,120.957,5.6
1.815,127.294,5.7
-7.054,129.472,5.6
-8.667,111.24,5.9
-63.364,169.439,5.9
-17.102,-174.513,5.5
55.867,161.287,7.1
18.231,120.86,6.5
73.383,54.913,5.9
-8.53,117.563,5.5
27.904,141.793,5.9
3.742,126.617,5.9
-28.726,-112.587,5.5
-23.527,-177.138,5.5
-3.552,146.641,5.5
-5.884,151.033,5.8
40.3732,-124.9227,5.7
40.372,-124.9245,5.5
33.509,131.484,6.5
8.171,125.946,6.0
46.177,151.514,5.5
-3.448,148.799,5.8
-16.708,-172.082,6.1
25.092,94.711,5.6
-52.484,25.838,5.8
-29.405,-111.905,5.5
-17.33,-69.932,5.9
-20.998,169.801,5.5
-9.305,158.655,5.5
60.976,-147.5,6.4
24.032,122.327,5.7
19.332,-155.122,5.5
36.502,71.082,6.2
7.529,126.625,5.6
-24.013,-175.706,5.5
-3.672,-79.245,5.6
18.104,145.77,6.3
16.103,-93.153,6.3
-24.032,-179.796,6.0
17.974,120.766,5.6
4.75,95.039,6.1
-16.636,-177.476,6.7
-60.371,-27.067,5.5
-55.953,-24.83,5.5
18.185,-68.474,5.6
24.095,122.148,6.3
24.013,122.228,5.8
8.422,-83.391,5.6
-41.853,-83.61,5.5
-3.727,151.09,6.1
73.348,54.495,5.8
36.688,26.912,5.5
-11.177,115.371,5.6
11.912,43.267,5.5
45.628,150.762,5.5
-6.627,154.552,5.6
33.941,139.513,6.0
20.126,121.392,5.5
-26.535,-70.563,7.4
-26.339,-70.654,5.7
49.932,78.843,6.0
41.566,88.766,5.5
-26.724,-70.908,5.5
44.229,130.741,6.1
-5.458,146.02,5.8
-26.135,-70.518,6.7
-5.818,103.163,5.6
27.157,-44.497,5.7
-2.948,128.13,5.5
8.055,-82.741,5.7
41.694,144.391,5.5
24.457,-46.279,5.5
-0.854,-21.816,5.6
-8.101,156.311,6.5
1.084,121.052,6.5
-23.681,-70.129,6.1
-56.889,-25.1,5.9
-20.794,-173.758,6.3
37.588,-17.52,6.4
-30.773,-69.194,5.5
-60.665,-25.451,7.2
-60.404,-24.865,6.3
-60.62,-25.392,6.5
-60.282,-25.249,5.5
41.825,142.513,5.5
-12.849,-76.658,5.6
1.131,120.858,6.5
49.921,78.907,6.1
1.626,122.16,5.6
1.093,120.833,6.6
-31.358,-179.517,5.9
44.058,-113.857,6.9
44.281,-114.115,5.5
36.427,71.443,5.6
40.33,42.187,6.8
35.464,133.899,5.5
47.788,152.869,5.7
-9.016,119.18,6.4
-4.014,-79.418,5.9
-5.779,104.506,5.5
-20.145,-177.678,5.6
35.206,115.213,5.7
1.411,128.164,6.1
1.27,128.335,6.6
1.413,128.154,6.4
1.404,128.137,5.5
1.43,128.267,5.6
4.264,123.024,5.6
31.184,141.796,5.9
31.196,141.809,5.9
37.353,141.618,5.5
19.43,-155.45,6.6
19.43,-155.454,6.7
-8.98,119.156,5.5
43.706,148.444,6.1
50.066,79.036,5.5
-7.45,130.645,6.1
12.118,144.296,5.6
0.482,-79.877,6.6
-31.125,-178.402,5.5
-18.105,-178.333,5.6
-7.481,128.168,7.3
-40.451,155.507,6.2
-5.466,152.003,6.1
-3.77,-76.309,5.5
7.359,-82.268,6.0
-5.463,152.16,5.5
-44.87,-75.935,5.6
32.598,140.003,5.6
-6.22,146.56,5.7
-19.503,-177.783,6.0
41.79,142.772,6.0
-56.494,-26.383,5.8
-6.852,72.11,7.3
-6.653,71.423,5.6
14.066,-91.924,7.0
-15.24,-172.915,6.2
-6.463,71.417,6.3
4.396,62.513,5.5
-19.216,-178.378,5.5
18.548,-102.581,5.5
-22.479,-179.503,5.5
3.792,148.958,6.3
46.248,150.927,5.6
8.137,137.239,6.4
-18.361,168.047,5.5
-5.077,151.892,5.5
-7.583,127.288,6.4
14.267,-92.961,5.5
-56.041,-27.629,5.8
-29.155,-176.524,6.1
-33.099,-70.12,6.2
-3.155,145.393,6.4
39.326,72.926,5.7
-6.605,71.704,5.5
-8.964,119.728,5.8
40.408,-125.6465,5.66
-16.489,178.028,5.5
-2.408,145.045,6.2
-2.515,145.08,5.9
-28.19,-63.172,6.9
-28.042,-63.008,5.9
-5.54,151.86,6.2
-5.435,151.965,5.5
-5.392,151.868,6.4
11.866,-13.529,6.3
35.994,69.115,5.6
-20.899,-175.913,5.6
-5.244,131.615,5.7
45.416,151.384,5.6
49.838,78.218,5.5
-7.366,128.47,5.6
-55.919,-27.762,5.8
-6.206,104.14,5.5
54.191,-164.14,5.6
-13.056,166.781,5.6
36.372,70.738,7.4
-26.051,-70.077,5.5
-2.601,141.597,5.5
33.683,136.894,7.2
-22.81,-66.16,6.0
-57.89,-142.32,6.4
-56.745,-142.655,6.4
1.392,128.145,5.7
-3.011,145.79,5.7
45.477,151.414,5.9
37.966,102.188,5.5
-2.823,118.806,7.0
6.553,126.927,5.8
-60.951,-36.071,5.6
-2.751,-102.828,5.5
-6.239,27.861,5.6
23.349,143.397,5.6
-3.863,-78.494,5.7
28.804,-43.494,5.5
-29.982,-112.32,6.3
-7.705,117.389,5.5
-8.87,-71.356,5.6
36.441,141.227,5.6
36.439,141.269,5.7
-3.904,-81.425,5.6
-22.216,-179.674,5.6
-55.855,-29.669,5.6
27.931,65.711,5.6
-23.642,-178.321,6.2
5.988,146.533,6.1
-17.833,-178.571,5.6
-21.369,-174.227,5.5
29.26,130.404,5.9
12.364,123.875,5.9
-56.558,-26.625,5.7
-57.935,-25.087,5.5
-9.414,112.933,5.6
-12.237,-76.853,5.5
36.39,71.034,6.1
14.208,51.869,5.8
-31.419,-178.553,5.6
71.868,-1.625,5.6
-3.771,151.551,5.5
49.063,146.59,6.4
34.616,70.484,6.1
-29.498,-71.26,5.6
-11.514,166.254,5.9
45.53,150.174,5.6
-25.755,-178.793,5.6
-10.012,160.469,7.6
-9.815,160.268,6.4
28.271,-112.144,6.0
38.396,22.094,5.6
12.09,-60.032,5.7
25.482,122.412,5.5
36.431,70.826,6.4
-6.598,130.117,6.0
20.59,-109.086,6.1
40.809,71.05,5.5
49.908,78.807,5.8
-6.111,150.662,5.5
-6.145,150.515,5.7
-3.622,128.854,5.6
39.401,53.978,5.8
-21.264,170.022,5.5
-7.139,103.527,5.7
-47.909,31.775,5.8
-16.747,-174.772,5.8
-17.316,-70.526,6.1
-16.085,167.951,5.7
-8.926,156.235,5.7
-18.57,176.405,5.7
-4.52,-105.993,6.0
-21.144,-176.444,5.5
-4.337,145.855,6.0
8.147,123.762,7.3
50.947,160.549,5.6
28.726,139.252,5.7
24.543,94.661,5.5
29.384,138.935,7.4
42.57,142.84,5.7
50.061,79.003,5.7
-38.252,177.224,6.0
-7.641,106.957,6.0
38.392,135.482,5.5
-23.423,-179.971,6.2
5.203,118.387,5.7
-1.871,134.413,5.5
-20.089,-178.073,6.0
-6.61,105.333,5.5
-20.567,169.924,5.7
3.379,122.568,5.5
-7.304,120.151,5.5
40.32,63.35,7.0
0.444,121.691,5.5
10.782,-42.261,5.5
49.176,155.385,5.9
-43.95,77.915,6.1
-19.233,-173.658,5.7
-15.227,-172.193,5.7
36.634,71.198,5.8
58.978,-154.153,5.6
-15.19,-173.739,6.0
44.117,148.192,7.2
-3.562,145.468,5.5
-4.647,145.805,6.5
-23.765,-115.357,5.6
-4.445,145.757,5.7
24.106,122.616,5.9
49.937,79.017,5.9
-1.77,138.516,5.8
17.362,-59.633,5.5
-62.972,-61.864,5.8
-4.606,145.659,5.5
-5.661,124.831,5.9
44.673,149.638,5.6
-14.316,167.222,5.5
-6.85,72.368,5.5
-6.061,149.401,5.5
-55.511,147.076,6.1
-18.903,168.85,6.8
5.121,125.496,5.6
9.011,123.05,5.5
-5.648,148.296,6.1
2.454,126.575,5.5
49.74,78.163,5.7
-6.654,126.76,5.7
-59.735,-26.829,5.5
-15.934,-174.352,6.5
36.429,70.89,5.5
-31.764,-71.804,5.7
50.12,148.745,6.3
-15.681,-172.965,6.0
-21.866,-179.375,6.4
-0.541,-19.857,6.2
36.431,70.75,5.5
47.45,146.692,6.5
22.049,99.136,5.9
-5.047,151.493,5.5
30.909,138.431,6.9
37.3096667,-121.6788333,6.2
37.32,-121.7,6.1
49.953,78.94,5.9
-17.311,-177.229,6.3
-3.525,150.861,5.7
-6.825,71.495,5.6
-5.299,70.206,5.7
-59.038,-16.565,5.7
-1.776,-78.101,5.7
43.26,12.558,5.7
-19.708,-175.695,5.6
-18.057,167.242,5.6
-4.532,146.099,5.5
-8.569,111.338,5.5
33.719,-38.577,5.6
-55.514,146.555,5.6
24.257,93.545,6.0
51.688,-176.774,5.6
33.786,-38.497,5.6
41.765,13.898,5.9
-30.305,-177.722,6.2
-36.269,-98.886,5.6
41.831,13.961,5.5
-21.852,-138.961,5.7
42.967,17.734,5.5
-33.327,-179.372,5.5
-15.253,177.81,5.6
-4.41,-104.874,5.6
8.854,127.139,5.5
-27.393,-67.2,5.5
79.753,3.107,5.7
-14.056,166.56,5.9
-36.429,52.419,6.9
-36.46,53.54,6.9
29.577,81.869,5.6
32.621,121.621,5.5
32.688,121.509,6.0
-51.95,161.089,6.1
-30.65,-178.21,5.5
-60.106,-26.91,5.6
-54.509,-136.303,5.5
-54.976,-135.688,6.4
-54.869,-135.415,6.2
49.98,79.06,6.0
-43.548,38.944,6.7
-44.095,39.065,5.6
-10.896,164.183,6.4
-10.886,164.116,5.7
-6.196,147.824,5.6
28.756,128.547,5.6
3.565,97.138,5.6
-1.702,136.32,5.6
-1.668,136.327,5.5
-4.843,151.577,7.1
-32.726,-178.671,5.5
-45.258,-75.711,5.5
-22.649,171.857,5.8
52.112,-170.999,5.5
13.327,124.738,5.6
-7.819,-76.708,5.7
-4.82,125.845,6.2
-6.031,151.741,5.6
-5.796,104.169,6.1
-30.707,-71.179,6.2
-13.826,65.997,5.8
53.648,-165.218,5.7
31.448,140.036,5.7
-3.409,130.948,5.5
-15.816,-174.831,6.6
38.859,25.723,6.1
51.684,-173.354,5.7
-15.705,-72.491,6.5
11.82,125.693,5.5
-24.101,-66.965,5.7
35.36,23.238,6.2
0.715,-30.41,5.6
2.756,127.579,5.7
-58.318,-15.786,6.4
17.984,-69.338,6.9
-43.541,170.673,6.1
51.187,-130.361,5.8
17.996,-69.215,5.5
-1.308,127.259,5.7
-9.648,151.787,5.9
2.916,126.558,6.2
2.913,126.561,5.5
-55.305,-129.213,5.6
30.296,132.129,5.6
36.471,70.906,5.6
16.804,-98.441,6.4
-54.871,158.889,5.5
36.295,69.522,5.6
-17.735,-178.847,5.8
-7.212,121.072,5.5
-2.593,140.286,5.5
-12.924,166.621,5.6
-6.056,154.424,6.6
-56.1,-27.399,5.7
13.33,145.912,5.6
-25.286,70.097,5.5
-5.788,111.298,6.7
10.851,94.618,5.5
-6.317,154.792,5.5
11.492,138.917,5.6
5.54,126.479,5.9
-7.32,126.026,5.5
49.891,78.963,6.2
17.463,-99.601,5.5
-55.467,-129.002,6.2
13.426,146.294,5.6
-56.392,-27.388,6.0
-7.024,-12.8,5.5
-10.277,161.387,5.5
28.106,129.525,5.9
-20.85,-178.41,5.5
-30.421,-179.58,5.5
-6.586,154.994,5.8
1.384,126.419,6.4
-25.73,-70.478,5.8
1.291,126.588,5.9
52.997,161.257,5.6
50.317,-176.868,5.6
-17.078,-174.038,5.5
71.5,-11.974,5.8
13.326,-90.156,5.5
57.67,-32.87,5.5
-40.929,43.274,5.5
14.386,-92.224,5.9
-0.086,122.517,7.4
32.386,131.945,6.9
-15.406,166.868,5.5
-5.038,152.115,6.2
-17.841,-173.233,5.5
-24.186,-69.179,5.6
18.394,120.811,5.6
61.84,-149.05,5.8
61.857,-149.104,5.8
-3.233,136.598,5.5
0.39,122.221,5.5
-21.421,-175.268,5.5
-56.785,-141.034,5.5
-27.876,-66.717,5.5
-41.039,43.182,5.5
-5.68,148.365,5.7
44.467,-114.008,5.6
36.118,70.487,5.8
11.459,-86.635,5.8
11.618,-86.485,6.2
-58.917,-16.521,5.8
-3.127,139.606,5.7
-16.225,-69.506,5.6
-23.594,179.07,6.4
1.761,99.075,5.6
-4.506,-105.716,5.8
27.431,128.524,5.8
54.113,-133.639,5.9
-33.332,-179.359,6.1
12.923,-87.071,5.6
-17.957,172.149,6.4
16.08,-93.286,6.3
44.452,149.577,5.7
-18.197,-178.168,5.7
-21.138,-179.015,5.5
-8.056,121.779,6.0
-25.494,-116.055,5.7
-16.905,174.515,5.8
-43.395,91.758,5.9
40.503,-126.831,6.7
40.5038333,-125.1303333,6.6
-15.501,167.685,6.1
-15.75,-71.872,5.5
35.789,137.488,6.2
35.774,137.424,5.7
-32.101,-178.214,5.5
-7.036,117.503,5.7
-24.778,-175.766,5.5
-18.038,65.643,6.2
-32.157,-178.32,6.3
40.885,42.219,5.5
34.006,141.5,6.8
-7.022,72.757,6.0
33.933,141.333,5.7
-32.201,-178.069,5.6
-32.269,-178.033,5.8
60.322,-146.001,5.5
-6.562,132.022,5.5
34.01,141.592,5.5
16.784,147.166,5.7
33.975,141.554,5.7
34.003,141.507,5.7
-23.998,-175.964,5.5
-32.243,-178.264,5.5
-32.276,-178.289,5.7
13.822,145.378,6.1
18.424,120.923,5.8
-32.04,-178.405,6.1
53.577,-165.424,5.9
-10.679,166.507,5.5
33.946,141.422,5.7
12.021,122.582,5.6
-59.281,-150.589,5.8
-25.849,-175.911,6.6
-21.51,-177.796,6.0
-31.576,-110.841,6.1
-6.056,148.54,6.0
-18.63,167.983,5.9
26.096,128.505,5.5
-18.523,167.978,5.5
-9.809,118.787,6.3
11.69,-60.173,5.5
-6.327,148.979,5.5
-14.898,-175.262,5.8
-47.86,31.95,5.7
24.886,-109.01,5.6
-4.642,-105.495,5.6
-20.147,-179.271,5.6
-5.483,130.143,5.5
-33.998,179.723,5.7
-16.676,177.113,6.3
-16.724,177.219,5.8
-18.163,-175.606,6.1
-15.771,177.245,6.4
15.024,-94.304,6.1
-17.91,-174.925,5.5
46.152,152.676,5.5
-15.86,-173.643,7.2
-15.888,-173.95,6.0
1.437,125.713,5.8
-30.489,-178.409,5.6
48.29,154.918,5.7
-35.617,-179.697,5.8
-24.072,-66.832,6.2
-20.693,-178.439,5.5
-6.993,-12.559,5.5
-56.864,-24.973,5.5
-31.572,-177.724,5.5
73.37,54.955,5.9
51.675,-175.21,5.5
0.901,122.143,5.7
1.623,126.291,6.3
39.155,71.328,6.1
49.949,78.834,6.2
-12.073,65.55,5.6
5.731,125.543,6.6
-17.109,-174.076,6.6
-31.794,-177.516,5.8
-31.539,-177.666,5.5
8.185,-38.794,7.1
-19.79,-175.845,5.7
55.209,163.692,6.3
8.319,126.035,5.5
8.253,126.056,5.7
-21.883,-138.994,5.7
6.78,-73.043,5.5
-11.832,-13.866,5.9
-18.876,67.352,5.9
-18.666,-175.421,5.6
-2.112,150.587,5.7
-30.7,-71.46,5.6
52.181,-170.999,5.9
-7.321,128.569,5.5
-12.692,166.745,5.7
10.339,125.191,5.6
10.398,125.267,5.6
-25.083,179.705,5.6
-20.036,-173.754,5.5
17.017,120.851,5.5
-22.022,170.95,7.1
-20.388,-177.421,6.3
-21.596,-179.295,5.5
-13.863,-76.047,5.5
-23.269,-67.962,5.5
0.197,98.027,7.1
47.524,154.492,5.7
-4.688,153.183,5.7
-18.785,-178.032,6.7
28.299,139.919,5.6
12.274,140.802,5.6
-18.404,-175.701,6.2
-18.778,-175.507,5.8
51.17,179.096,5.9
51.777,-175.272,5.7
5.167,125.124,7.5
-14.505,171.162,6.4
-14.508,171.089,6.1
-30.958,-13.485,6.0
-6.308,154.837,5.8
-17.779,-178.05,6.5
-7.993,102.255,6.4
-14.312,171.284,6.8
-14.169,171.328,6.0
37.46,-118.59,5.82
37.4596667,-118.6071667,6.1
-8.191,-76.13,5.6
37.4321667,-118.6071667,5.5
11.987,126.51,5.5
-6.279,154.784,5.5
37.4473333,-118.6476667,5.6
-31.443,-178.449,5.6
7.601,124.388,5.9
14.92,144.314,5.7
26.697,97.085,5.7
-5.399,152.437,5.5
49.993,79.072,5.8
20.357,-115.765,6.4
-3.818,152.037,6.2
44.212,148.138,6.4
37.971,43.147,5.7
22.609,143.334,5.7
-1.272,-13.947,5.6
-21.848,-138.913,5.6
0.364,125.341,5.8
-1.423,-15.055,6.1
-1.068,-23.454,5.9
-5.677,149.367,5.6
-14.838,-75.226,5.7
-22.407,-68.599,6.4
-7.879,108.018,5.6
16.18,-96.492,5.5
49.957,78.862,6.1
-4.665,153.144,5.9
44.424,149.18,6.2
44.24,149.197,6.0
-17.044,172.471,5.7
11.403,-86.233,6.0
-4.72,153.148,5.6
-6.105,149.855,6.2
-5.99,149.606,6.2
-9.514,-71.338,5.9
-58.7,-25.514,5.6
49.861,78.752,6.0
56.194,163.46,6.7
-36.609,177.803,5.5
-23.542,179.159,5.7
-36.638,177.772,5.7
24.795,122.04,5.6
-36.622,177.893,5.5
-36.68,177.701,5.5
-36.695,177.493,5.8
-36.663,177.512,6.8
24.641,92.891,6.0
-19.55,-173.837,5.8
-22.986,-66.877,5.6
-60.135,153.192,6.0
55.428,-157.835,6.0
-14.658,-175.353,5.7
-21.616,-174.11,5.6
-26.057,-177.518,5.8
-0.666,67.29,5.6
10.177,-80.027,6.2
34.16,135.557,5.7
-36.644,177.584,5.6
27.152,91.986,5.6
-31.137,-178.296,5.5
-36.583,177.685,5.7
-20.754,-179.085,5.5
60.289,-140.744,5.7
10.797,-43.446,6.1
-54.158,143.967,5.8
-2.655,68.0,5.6
0.196,123.582,6.2
16.592,122.38,5.7
-36.676,177.71,5.5
24.107,122.433,5.5
-22.176,170.078,5.5
-10.316,165.039,5.9
-3.782,141.772,6.1
-3.684,141.734,5.8
-29.374,-70.793,6.3
-0.953,128.507,6.9
-14.568,-175.296,5.6
-3.898,151.597,5.6
-7.467,130.125,5.6
-49.583,-116.286,5.6
-23.123,-177.296,5.9
-33.053,-68.467,6.2
32.545,131.184,5.7
-6.494,104.263,6.1
2.743,128.586,5.6
-46.083,165.092,6.3
-62.114,162.974,5.8
-17.712,-174.371,5.8
43.838,147.686,5.5
28.399,52.997,5.5
-20.547,-174.099,6.0
49.877,78.816,5.9
16.644,-94.968,5.7
4.544,-32.56,5.6
51.186,-179.753,5.5
-24.068,-67.881,5.6
-3.509,148.943,5.6
-23.19,-175.108,5.5
-4.762,134.038,5.5
23.402,123.187,5.6
-22.937,-176.687,5.5
-33.205,-71.768,5.7
-20.497,-70.34,5.6
-55.715,-26.657,5.6
-10.254,161.126,6.3
-6.966,30.928,5.7
-32.141,-110.789,5.5
-2.072,119.785,6.0
0.1,123.45,5.7
-1.316,-14.568,5.5
-19.161,168.744,5.8
27.462,128.449,6.1
29.15,130.332,5.5
-2.092,119.595,5.6
-2.082,119.67,6.4
-2.2,119.56,5.9
-1.964,119.727,6.7
-33.107,-71.737,5.5
-33.135,-71.871,8.0
-32.738,-71.215,6.4
-32.935,-71.477,5.9
-33.141,-71.627,5.5
-33.207,-71.663,7.4
-34.115,-71.905,6.2
-32.925,-71.793,6.6
-33.825,-71.93,6.3
-33.223,-71.918,5.6
-33.142,-71.997,6.3
-33.916,-72.283,5.7
-33.842,-71.249,6.3
-34.079,-72.331,5.7
-32.878,-71.818,6.2
-54.679,-136.576,5.6
1.192,122.826,6.2
45.665,178.802,5.7
-12.486,166.522,5.7
55.241,162.043,5.9
-32.878,-71.878,5.5
5.831,126.355,5.9
-13.912,-72.612,5.6
-4.386,106.879,5.5
66.239,-150.029,6.2
-33.702,-72.304,5.8
2.935,127.367,5.7
-0.641,123.288,5.5
-21.09,-179.168,5.5
66.136,-150.148,5.5
13.454,-89.032,5.8
2.005,128.861,5.6
10.378,125.587,5.6
-33.072,-72.187,5.8
43.51,-127.561,6.5
-55.977,-26.467,5.6
-23.726,-179.924,5.5
-20.682,-178.218,5.9
-55.2,-28.244,5.6
17.013,-62.448,6.5
16.972,-62.512,5.6
-32.633,-71.551,6.7
7.758,123.544,6.5
7.647,123.61,5.5
-33.198,-71.653,6.7
-18.628,-63.658,5.8
-3.276,138.913,5.5
-6.584,105.419,6.4
-34.207,-72.02,5.7
-33.249,-72.201,5.6
-8.391,158.302,5.5
-34.332,-72.262,5.7
-34.254,-72.185,6.5
-11.389,165.739,5.5
-6.437,128.767,6.2
1.166,122.765,5.6
-15.237,-71.727,5.6
44.335,146.666,6.1
40.31,140.362,6.4
-55.618,-127.582,5.7
8.452,-103.202,5.7
51.883,158.726,5.6
-32.584,-71.656,6.2
-33.272,-179.235,5.5
28.23,139.525,6.5
-35.437,-16.085,5.6
1.799,127.511,5.5
-56.39,-122.309,6.4
-5.717,154.062,5.9
-4.124,136.268,6.0
-34.131,-71.618,7.2
34.092,140.719,6.2
29.962,138.927,6.3
49.988,159.416,5.5
-35.598,179.001,5.9
-53.237,25.307,5.7
-11.343,165.687,6.0
-9.245,114.185,5.9
1.622,126.411,7.0
18.676,145.578,5.8
-33.491,-71.96,5.6
52.144,159.63,5.8
25.926,102.871,5.8
11.848,-86.651,6.1
9.004,-77.46,6.3
35.527,87.283,5.6
-5.181,130.443,6.0
15.344,120.61,7.0
16.498,120.815,6.1
-5.823,149.167,5.6
49.924,78.969,5.9
-60.693,154.332,6.0
8.494,93.653,5.6
-25.518,-177.614,5.6
-17.735,168.346,5.5
-15.798,-173.503,5.6
38.599,73.173,5.6
-21.032,-176.82,5.9
-32.998,-71.766,5.6
-39.728,-75.664,6.0
-55.494,-26.149,5.9
41.479,142.043,5.8
13.398,145.54,5.6
39.266,22.81,5.7
-9.196,-71.23,6.6
48.871,156.329,6.4
1.565,126.416,5.6
11.853,-86.93,5.9
30.885,70.269,5.9
-36.407,-98.868,5.7
-37.498,179.452,6.2
-57.659,-25.135,5.5
-62.844,155.692,5.7
30.91,70.31,5.5
-21.823,-139.048,5.7
-1.337,67.677,5.8
2.356,126.777,5.6
51.465,177.913,6.3
51.302,178.024,6.0
-5.599,151.045,7.2
-5.689,150.802,5.8
32.975,132.509,5.6
-10.61,41.423,6.0
-10.562,41.424,6.4
-51.792,28.263,5.7
-56.637,-25.33,6.5
-56.593,-25.308,5.5
-29.081,77.735,6.3
-17.755,-178.126,5.5
-19.0,-69.053,6.0
-33.894,-72.287,5.6
53.611,160.526,5.9
-30.253,-71.329,6.3
35.489,87.173,5.8
51.422,-178.43,6.2
54.055,160.992,5.8
-29.914,-178.582,5.8
49.133,154.094,5.6
-56.75,-25.518,5.7
28.798,140.344,5.5
12.246,144.28,6.0
12.167,144.421,5.6
-11.239,162.409,5.8
-6.485,154.761,5.8
-37.728,-73.653,5.9
52.395,160.508,5.5
13.175,-90.138,6.3
52.452,160.411,5.5
-15.289,-173.516,6.7
4.873,127.481,6.2
13.438,-89.879,5.5
-0.379,-19.541,5.7
-4.646,153.173,6.3
0.932,-28.432,6.6
-3.775,151.348,5.6
-17.344,-175.325,5.5
28.735,140.342,5.5
6.184,126.858,5.5
3.029,-78.578,5.6
-27.958,-66.995,6.4
-32.628,-71.86,5.5
15.765,-93.966,5.5
24.585,122.078,5.9
49.889,78.881,6.0
-56.345,146.998,5.5
30.276,132.681,5.6
-28.437,-175.953,6.0
-24.032,-67.076,5.7
-11.012,163.584,6.5
-10.945,163.676,5.6
-10.994,163.738,6.0
-10.964,163.726,5.5
-10.937,163.76,6.4
18.889,-64.577,5.9
6.094,-82.304,5.5
-10.614,41.238,5.6
-37.564,179.442,5.6
53.438,-169.52,5.6
49.861,78.696,6.0
18.367,87.188,5.5
8.272,126.516,5.5
-33.797,56.337,5.6
-33.749,56.419,5.9
-54.82,146.436,6.4
-4.439,152.828,7.3
-4.364,152.951,5.5
-17.243,167.834,6.5
-4.256,152.577,5.6
-33.441,-72.214,5.5
-29.721,-177.771,6.3
-33.397,-72.151,5.5
-9.725,117.67,5.5
-32.951,-72.072,6.0
19.563,-108.464,5.9
-59.732,149.798,6.3
-8.503,110.306,5.7
-38.605,-91.623,6.1
-32.981,-72.114,5.5
25.854,-45.041,5.5
25.901,-45.103,5.6
-4.251,152.877,6.0
-32.76,-71.718,5.5
51.62,-172.919,6.1
-37.161,78.244,6.0
-38.778,176.973,6.0
49.951,78.829,5.9
19.045,-67.973,5.7
-6.312,148.83,5.8
-6.291,148.783,6.8
-6.398,148.837,5.6
-11.373,166.338,5.7
-27.014,-113.44,6.0
-60.241,-26.883,6.4
56.157,164.573,5.6
36.19,70.896,7.4
52.404,173.487,5.6
29.177,95.176,5.7
-57.725,-25.32,5.5
36.174,70.78,6.4
7.496,123.5,6.4
-44.885,-75.679,5.9
36.143,-120.1563333,5.6
36.151,-120.049,5.66
24.394,121.886,5.5
-20.083,-178.318,5.6
-41.192,-85.894,5.9
27.84,53.04,5.6
-6.102,113.491,6.2
-6.097,113.441,5.6
-61.556,154.348,5.6
-61.88,151.94,5.6
-15.315,-174.62,6.1
16.9,120.186,6.1
-6.014,105.393,5.6
-4.249,152.877,5.7
11.156,140.217,6.1
54.139,168.731,6.3
-38.378,-73.495,6.2
37.771,141.773,6.5
-6.997,117.215,5.7
-2.444,125.921,5.6
-3.844,128.545,5.6
-31.983,-178.731,5.5
-15.119,-75.565,5.5
-15.437,67.244,5.6
37.113,59.31,5.6
2.807,128.216,5.5
-55.71,-124.161,6.0
-15.043,-75.594,5.7
-16.101,-179.047,5.9
-9.159,-78.887,6.4
-22.364,-174.733,5.6
39.431,75.224,7.0
-24.08,-66.83,5.5
-22.021,-177.799,5.6
21.804,-108.486,5.6
-6.895,148.933,5.9
-17.53,-173.3,5.7
-21.465,-67.498,5.6
-21.011,-178.981,6.6
-57.243,-25.333,5.7
-38.91,-92.051,5.5
1.409,128.153,5.7
-56.838,-24.583,5.6
25.405,97.696,5.5
-3.079,130.348,5.8
-3.136,130.279,5.7
37.445,21.235,5.5
-6.464,149.865,5.6
-6.394,149.733,6.5
27.208,139.848,6.4
-6.416,149.96,5.5
-15.388,-173.535,5.8
-54.324,-132.002,5.9
-54.388,-132.403,6.0
39.356,75.407,6.2
59.102,-136.423,5.9
-4.09,136.243,6.3
-4.037,136.16,5.5
-4.13,136.049,6.3
17.974,-97.158,6.0
-19.216,-175.576,5.7
-16.771,-173.88,5.9
2.084,128.546,5.7
-49.426,-8.049,5.5
18.19,-102.533,8.0
24.593,122.28,5.5
17.802,-101.647,7.6
-46.678,-13.423,5.5
-3.71,-102.481,5.6
12.51,-44.316,5.8
-6.405,130.037,5.9
18.208,-102.74,5.7
9.283,-84.033,5.5
-34.693,-178.656,6.9
-33.623,-71.598,5.7
-9.829,159.854,6.7
-22.171,-174.606,6.1
34.506,26.599,5.6
-23.288,179.241,5.6
52.296,-168.856,5.7
-16.958,-177.149,5.5
-14.96,-178.721,5.7
-19.499,169.843,5.5
27.558,139.964,6.1
35.816,140.093,5.9
-18.304,48.433,5.6
62.237,-124.266,6.7
-18.961,169.432,6.2
-22.825,-66.311,5.8
-6.791,107.082,6.5
54.765,-159.613,6.6
-21.656,-176.382,6.3
13.154,-89.72,5.8
0.917,-29.921,6.4
40.301,69.823,5.8
56.757,-34.119,5.5
46.323,146.272,5.8
-29.012,-178.773,5.9
-13.598,166.002,5.5
-20.158,-179.163,5.5
-11.109,125.159,5.7
-31.386,-68.605,5.6
52.072,-171.35,6.0
-7.077,124.284,6.0
36.46,6.761,5.8
-3.747,151.613,5.7
-15.4,-175.99,5.9
36.681,54.75,6.3
-9.569,150.989,6.4
18.158,-102.548,5.9
51.801,175.533,5.8
53.249,-166.936,6.2
-28.692,-63.171,6.5
18.226,146.427,5.7
-18.052,175.869,6.2
-18.156,175.883,5.5
13.667,120.194,5.7
-58.716,-26.223,6.2
-35.257,-179.347,6.5
7.698,137.026,6.1
27.957,140.607,6.2
27.8,140.624,5.7
-9.818,123.739,5.8
4.203,-32.477,5.9
-29.01,-13.165,5.6
-36.499,-98.158,6.3
-28.912,-13.109,5.5
54.756,-159.787,6.1
-38.577,78.368,6.5
-1.639,134.911,7.1
-1.668,134.424,6.0
-25.065,-112.171,5.6
-32.298,-13.364,5.6
41.703,19.388,5.5
-5.933,149.429,6.2
-55.102,146.345,5.5
-21.983,-175.043,5.5
24.139,125.177,5.7
-21.867,-138.929,5.8
-21.088,-178.988,5.6
13.882,-90.939,5.6
11.758,-61.389,5.5
-14.043,166.24,7.0
-13.814,166.39,5.5
-14.095,166.354,5.6
-13.987,166.185,7.0
-13.905,166.291,5.9
-4.257,152.887,5.6
-13.905,166.163,5.5
-22.766,-63.663,5.5
-16.366,-174.197,6.0
41.158,139.806,5.5
26.939,140.494,5.8
-1.636,134.91,6.0
-30.75,-178.538,5.5
-25.007,-64.756,5.6
3.683,126.6,6.3
14.712,57.999,5.8
11.725,-85.838,6.3
-14.153,166.194,5.6
-14.073,166.251,6.6
3.717,126.758,5.7
-47.676,136.547,5.7
-36.003,53.512,5.8
-36.024,53.46,5.7
-15.18,-173.622,5.5
-3.652,140.311,5.8
-13.966,166.516,7.1
-14.092,166.654,6.5
-14.187,166.452,6.3
-15.572,-178.448,6.0
-15.602,-178.4,6.0
62.222,-124.239,6.9
-13.979,166.32,5.5
-35.09,54.272,6.2
7.063,-34.824,5.9
-14.322,166.344,5.8
-14.071,170.011,5.8
-22.744,-175.947,5.7
62.068,-124.085,5.7
-23.982,-66.711,5.5
-21.667,-178.533,6.1
-5.763,104.191,6.5
-13.192,166.507,6.3
-5.801,104.288,6.2
-5.546,150.686,6.1
61.541,-150.34,5.5
-16.954,-173.546,5.8
19.282,-108.386,5.6
-34.31,112.097,5.5
-0.972,126.868,6.1
19.36,-108.524,5.6
-53.163,9.638,5.9
-21.183,-178.627,5.7
-13.361,-111.326,5.6
-52.989,9.517,5.7
-13.737,166.416,5.5
-13.81,166.434,5.6
34.151,69.544,5.7
36.341,71.024,5.5
-7.144,155.182,5.6
-21.369,170.327,6.0
-21.277,170.102,7.1
5.936,126.074,5.8
29.802,138.662,5.5
24.771,122.013,6.0
-4.167,-104.475,5.7
13.685,120.822,5.7
-10.729,-78.434,5.5
51.553,-173.109,5.6
-10.199,161.006,6.3
0.52,124.32,5.6
-0.467,124.366,5.7
-18.244,-177.691,5.5
36.8043333,-121.285,5.5
-10.4,161.135,6.0
-23.676,-177.267,5.5
8.8,94.165,6.0
6.855,-76.783,5.7
-12.841,166.452,5.6
-13.626,166.693,5.9
27.791,139.552,6.5
-13.322,166.234,5.6
-21.585,170.404,5.5
39.537,143.274,5.9
36.384,141.128,6.2
-6.569,147.29,5.9
-6.536,147.433,5.7
17.019,-62.329,5.6
-13.384,166.699,5.8
-14.227,167.315,5.7
-20.959,-178.945,5.5
14.774,-91.414,5.9
18.945,121.304,6.0
-21.122,-70.116,5.8
-22.06,-179.56,5.8
-14.449,166.722,5.5
-16.882,174.318,5.9
-8.934,156.795,6.2
-57.093,-141.964,5.5
24.022,122.249,5.8
-56.704,-26.278,5.5
-62.687,155.111,5.8
-6.3,130.949,5.6
51.678,156.936,5.7
50.789,179.176,5.7
38.471,142.296,5.8
-18.813,169.605,6.1
40.368,51.555,6.5
56.286,-153.524,5.5
-7.0,155.781,5.9
-21.161,169.966,5.8
-4.99,151.71,6.4
54.256,-167.864,5.7
36.482,70.66,5.5
-7.059,155.616,6.1
43.995,147.627,5.5
-46.975,-12.953,6.0
-30.07,-176.559,6.2
-18.909,-67.391,6.3
-55.931,-27.429,5.7
27.421,139.866,5.7
12.413,141.762,5.5
-7.455,120.646,5.5
54.284,-121.854,5.5
23.422,121.565,5.9
24.753,122.921,5.6
24.681,122.778,5.6
24.669,122.814,5.8
-4.377,-104.701,6.1
28.541,130.009,6.3
-2.488,138.696,6.7
38.354,25.145,5.5
-6.249,104.159,5.8
-34.022,-72.005,5.5
-56.366,-26.571,5.7
-7.125,-71.638,6.3
-14.456,-178.041,6.0
-23.122,-178.702,5.7
-5.956,149.604,5.8
-17.929,-178.586,5.5
-17.704,-174.602,5.8
38.377,25.165,5.6
-26.194,132.767,5.7
37.4788,-121.6858,5.6
37.4791667,-121.6866667,5.7
-18.037,-178.537,6.0
54.653,161.58,5.6
15.54,-94.423,5.6
-7.946,-73.86,5.7
-55.984,-27.03,5.8
-0.948,126.863,6.2
54.164,-167.883,6.0
-15.175,-173.332,5.7
-13.923,166.831,6.5
-4.865,151.268,5.7
-57.724,-24.373,6.4
-14.856,-174.348,5.5
-15.561,-173.905,5.5
30.612,141.645,5.9
43.89,147.57,6.3
-2.394,139.309,6.8
1.982,126.537,5.9
30.563,141.971,5.9
-17.254,-174.089,5.5
32.128,76.374,5.5
36.495,71.114,5.9
-31.14,-13.482,6.0
30.766,141.508,5.6
18.404,-102.973,7.0
-18.036,-69.453,5.6
-47.237,100.101,5.7
28.699,130.05,5.6
-15.14,-174.37,5.8
-21.861,170.228,6.1
28.017,53.303,5.6
55.172,163.843,6.8
37.993,37.806,6.1
18.156,-102.657,5.9
-58.9,-24.728,5.5
-58.782,-24.855,5.7
-58.711,-24.85,5.8
-7.045,155.975,5.5
51.384,-174.809,6.3
51.52,-174.776,8.0
51.5,-174.8,5.6
51.5,-174.8,5.7
51.5,-174.8,5.5
36.374,70.712,5.6
51.518,-174.15,5.7
51.469,-174.886,5.8
51.5,-174.8,5.7
51.087,-176.667,5.9
51.189,-176.813,5.6
51.164,-176.887,5.5
51.14,-176.442,5.8
51.336,-175.363,6.4
4.627,125.499,6.4
51.218,-176.907,5.6
51.192,-176.876,5.6
-17.121,-65.589,5.9
51.46,-174.243,5.9
51.449,-174.071,5.8
8.502,-103.058,5.6
-37.075,-94.085,5.5
26.743,125.205,6.6
51.544,-173.736,5.7
51.526,-174.67,5.7
51.418,-174.671,5.5
41.431,43.737,5.8
-20.646,-174.113,5.6
32.636,141.426,5.9
-14.787,-175.432,5.5
52.294,-174.726,6.4
52.217,-174.527,5.6
47.204,154.109,5.9
52.327,-174.504,6.5
-12.629,167.227,5.8
24.125,121.619,6.2
24.054,121.594,5.5
-7.305,106.492,5.5
14.368,-20.141,5.5
43.684,148.416,6.3
34.63,26.528,5.5
12.699,48.179,5.7
-15.575,-173.051,6.0
-16.202,-172.859,5.9
-21.819,-179.079,6.8
-20.19,178.86,7.1
-20.726,177.814,5.5
-2.825,119.727,5.5
-7.072,124.152,6.0
-7.836,150.807,5.7
19.96,-115.881,5.5
-10.931,162.412,5.6
-21.898,-139.026,5.7
-57.334,147.519,5.6
-7.015,154.484,6.0
29.805,130.603,5.7
9.117,93.489,5.9
-5.665,151.76,5.7
10.378,125.964,6.1
10.227,-103.629,5.6
-36.351,-97.382,5.8
-56.814,-140.957,5.6
38.001,37.917,5.8
43.269,146.491,6.1
-2.1,139.279,5.8
-15.449,-179.227,6.0
10.597,-62.928,6.3
-7.019,129.497,5.5
-57.873,-23.384,5.6
-5.651,110.343,5.7
-19.096,169.776,5.8
-29.872,-176.543,5.7
0.831,-26.805,5.5
-22.037,-178.925,7.1
-47.282,-13.324,5.8
53.88,160.388,5.5
5.776,126.742,6.0
5.644,125.259,6.6
51.356,-176.653,6.5
56.331,-152.914,6.8
7.799,94.517,5.9
-30.944,-177.757,6.1
-32.213,-179.077,5.6
31.24,86.847,6.1
-58.6,-25.122,5.9
-58.614,-25.066,5.6
34.794,140.595,6.6
-4.448,143.943,7.2
-0.085,-17.824,6.4
-28.278,-178.127,5.8
-28.243,-178.246,6.0
-20.037,-176.056,6.5
15.168,96.314,5.5
-28.024,-177.957,6.1
15.188,96.201,5.6
-28.064,-178.107,5.6
-28.002,-177.873,5.7
6.766,-73.009,5.7
-5.336,29.539,5.8
11.254,-86.035,5.9
-15.564,-172.452,6.1
-15.812,-172.718,5.7
-4.758,127.989,5.9
-3.236,148.498,5.9
-3.213,148.527,5.8
-22.038,-179.534,5.8
-59.55,-26.164,5.5
-26.775,-114.283,5.7
51.248,-179.746,5.7
12.183,140.933,5.5
-60.721,153.771,6.1
-57.281,-25.86,5.5
15.467,-92.582,6.0
34.424,80.161,6.0
10.389,56.832,6.5
1.997,124.305,5.7
34.0,-116.61,6.0
33.999,-116.608,6.0
51.907,-176.239,5.5
1.904,126.525,6.8
1.792,126.387,5.9
-45.987,166.334,5.6
29.962,51.582,5.7
5.575,125.406,5.5
1.845,126.404,5.9
16.061,-93.901,5.9
-19.511,169.165,6.6
31.049,77.997,5.5
36.668,71.247,5.6
10.77,-69.428,5.5
53.352,-165.882,5.6
47.264,151.127,6.3
53.6,-167.171,6.0
53.521,-167.301,6.0
37.5666667,-118.4381667,5.9
37.567,-118.436,5.84
-56.739,-3.577,5.5
-20.572,-174.283,5.5
37.538,-118.4428333,6.4
37.538,-118.441,6.35
37.4931667,-118.4538333,5.7
37.6213333,-118.3425,5.6
-33.571,-178.35,5.5
-61.934,154.774,5.9
51.247,-176.173,5.8
51.223,-176.035,5.6
26.384,125.917,6.1
23.753,94.177,5.5
-25.848,-177.49,5.9
-33.282,-71.934,5.7
51.776,-175.301,5.5
24.611,121.782,5.5
-52.556,17.927,5.7
37.4731667,-118.3686667,5.8
-52.566,18.43,5.5
-35.88,-103.702,5.5
-28.304,-177.686,5.6
13.073,-88.806,5.6
-58.265,-15.319,5.5
51.164,-176.8,5.9
-55.288,-128.977,5.8
7.433,-81.241,5.7
14.099,120.335,5.5
1.985,128.271,6.2
22.265,121.647,5.5
20.101,121.312,5.6
2.006,127.192,5.5
5.967,-82.591,5.8
5.842,-82.413,5.8
1.795,126.519,7.5
-32.277,-178.52,5.7
2.127,126.993,5.9
-8.689,124.212,5.8
1.929,126.482,6.3
1.864,126.522,6.4
1.765,126.442,6.1
2.276,126.959,6.4
2.161,127.113,6.3
2.219,126.96,5.5
-20.492,-174.207,6.2
1.739,126.575,5.8
8.376,126.601,5.5
-5.325,151.331,6.3
2.069,126.534,5.5
34.572,91.633,6.4
-9.071,-109.551,5.5
31.675,-40.938,5.5
-34.549,179.288,6.6
-23.894,-177.201,5.5
2.1,126.873,5.6
-16.316,-173.05,5.5
37.724,101.496,6.0
-15.192,-173.481,5.9
-15.103,-173.467,5.7
-31.682,-71.104,5.7
45.547,26.316,7.2
23.042,144.12,5.9
-59.493,-29.529,6.1
-20.669,-178.457,5.7
-59.542,-26.098,5.6
0.927,127.944,5.6
-8.823,157.522,5.6
-5.187,152.442,6.5
0.474,125.862,5.8
56.201,-153.405,6.5
-60.797,-36.779,6.3
-31.827,-179.937,6.5
37.014,22.176,6.0
-23.368,179.102,5.5
-6.47,154.916,6.1
-22.748,-175.288,5.8
36.714,71.092,5.6
19.376,146.301,6.7
56.222,-153.6,5.9
-3.934,128.829,5.6
-3.835,128.811,5.5
37.29,71.73,5.6
10.497,56.983,6.2
-6.716,130.427,5.7
-7.469,128.509,5.5
-16.621,167.265,5.9
-13.63,173.055,5.6
23.032,-108.061,6.0
3.677,126.777,6.0
-5.579,128.617,5.6
2.892,127.258,5.5
2.982,128.036,5.9
-23.801,-112.034,5.5
-23.716,-111.993,5.5
43.493,-127.252,5.6
-16.599,167.314,5.6
-7.498,107.233,5.6
13.827,-89.118,5.7
37.931,28.574,5.7
36.067,70.848,5.5
37.102,141.011,5.6
-43.142,41.776,6.2
-5.03,153.616,6.8
-31.846,-178.654,5.6
-9.94,162.978,5.6
-56.372,-25.64,5.5
-5.272,131.432,6.4
51.73,-175.285,5.6
12.133,142.88,5.5
-5.631,109.997,5.7
2.771,126.912,5.5
-28.117,-176.367,7.7
-27.681,-176.158,5.7
-27.915,-176.389,5.7
-27.932,-176.134,6.1
-27.174,-176.326,5.5
-27.972,-176.28,5.9
-27.792,-176.624,5.8
-28.153,-176.732,5.5
-27.945,-176.641,5.8
-28.211,-176.276,5.6
-27.789,-176.386,5.6
-27.262,-176.51,5.7
-27.726,-176.572,5.5
-27.802,-176.467,5.9
-27.644,-176.613,5.9
13.326,-90.118,5.7
-10.569,166.04,6.0
-28.324,-176.309,5.6
-15.57,167.561,6.2
-6.097,146.306,6.0
-11.037,165.204,6.7
-11.086,165.537,6.5
-11.228,165.233,5.8
-11.116,165.179,5.8
-25.319,-70.176,5.5
-5.629,153.875,6.4
-10.991,164.987,6.0
-10.884,165.215,6.3
-17.663,168.135,6.4
-5.68,154.051,5.6
53.758,-170.049,5.7
-30.481,60.182,5.9
-30.497,60.061,5.5
9.271,126.784,5.6
5.722,125.331,5.6
-21.702,-176.616,7.2
-7.662,127.822,5.7
-27.544,-176.232,5.7
50.881,89.269,5.6
-18.016,-178.404,5.7
9.007,126.24,5.8
51.469,-176.684,5.9
-28.591,-176.407,6.2
-28.227,-176.615,5.5
-28.344,-176.488,5.6
-7.374,155.898,5.9
2.414,126.811,6.0
-48.678,31.154,6.0
-28.207,-176.63,5.6
-58.731,-25.266,5.8
-27.255,-176.505,5.5
23.901,121.574,7.4
51.426,-173.821,5.5
23.866,121.711,6.3
23.877,121.677,5.8
-27.221,-176.449,5.5
-23.961,-179.822,5.5
-27.135,-176.507,5.5
-18.889,168.087,5.5
-16.265,167.549,5.6
-55.892,-27.338,5.6
34.438,139.52,6.0
-15.268,167.354,5.8
-3.342,-77.411,6.8
44.12,16.339,5.6
36.345,141.174,5.8
-16.252,-173.93,5.7
38.853,141.948,6.0
-27.305,-176.402,6.1
-27.15,-176.379,6.0
-56.822,147.258,5.9
-15.722,-174.631,5.5
-24.082,-179.92,5.6
-27.352,-176.266,5.5
-36.474,-97.628,5.8
-51.257,139.199,6.0
-27.042,-176.372,5.5
-21.715,-173.648,5.7
-55.039,-126.777,5.6
6.783,95.12,5.8
43.274,25.912,5.6
0.851,124.362,6.1
18.823,-107.2,6.1
-17.955,167.655,5.8
-18.012,167.658,5.6
36.539,71.125,5.5
-9.917,119.201,6.5
-28.182,-176.859,6.1
-28.171,-176.622,5.5
-28.101,-176.737,6.5
2.758,125.825,5.5
0.645,121.336,5.6
-56.879,-48.76,6.4
-44.891,-80.105,6.4
-44.46,-78.84,6.3
-54.263,143.82,5.8
13.865,144.503,5.5
-23.823,-70.06,5.6
-6.695,130.816,5.7
-38.775,78.695,6.3
15.22,119.88,5.8
36.666,137.896,5.6
-6.416,130.704,5.6
-20.399,-174.071,6.0
-2.715,138.363,5.6
-42.437,-18.428,5.5
-3.408,146.227,6.2
-3.443,146.307,6.3
-14.998,167.929,6.7
-27.193,-176.563,5.8
-2.392,139.466,5.9
5.973,-82.601,6.3
52.448,-169.381,6.8
41.964,81.319,5.7
23.976,121.729,5.7
39.895,141.677,6.6
-19.469,-176.538,6.5
-13.463,166.477,5.5
-29.292,-177.524,5.7
5.784,-78.966,6.0
5.713,-78.734,5.8
-50.063,-113.884,6.0
42.565,142.85,6.8
-32.624,-67.252,5.5
-55.692,-26.227,5.5
-52.904,27.444,5.6
-10.771,161.271,5.9
-6.664,129.815,5.7
20.608,144.885,5.9
-18.83,-175.736,5.6
1.646,126.531,5.9
41.529,79.318,6.2
41.412,79.348,5.5
3.054,-79.334,5.8
-32.154,-72.082,5.5
-1.18,129.675,5.8
-61.09,153.856,5.9
1.265,126.232,6.4
-6.342,154.945,5.5
-60.063,-26.916,7.0
-0.114,-17.789,5.6
-4.404,151.827,5.6
-37.75,-72.893,5.9
20.053,-156.53,5.5
-15.186,-172.933,5.5
-34.719,-179.931,5.5
36.992,141.786,6.4
36.988,141.689,6.8
-59.145,159.015,5.6
-5.8,147.742,6.2
1.604,126.588,6.2
-6.088,147.689,7.4
-5.835,147.747,5.5
-5.99,147.708,5.8
-5.98,147.69,5.6
-6.145,147.691,5.7
-6.137,147.722,5.6
-6.002,147.802,6.0
-19.489,-177.456,6.5
-6.012,147.779,5.5
-6.995,146.991,5.5
18.831,120.981,6.0
-15.834,167.355,6.4
43.169,132.286,6.1
0.67,126.167,6.8
-15.467,167.559,5.7
-17.926,-178.632,5.7
-45.698,-76.058,5.9
54.72,161.741,5.5
-15.57,-179.25,5.7
-15.563,-177.204,5.7
-32.144,-178.987,5.5
0.838,126.186,6.2
-19.676,168.761,5.7
-32.793,-179.304,6.8
-58.705,-25.157,5.5
51.298,-179.279,6.2
-55.728,-27.022,5.5
-6.103,147.778,5.5
-57.922,-25.35,6.2
-15.854,167.891,6.9
-56.608,147.329,6.0
-2.48,141.879,5.6
-6.123,147.637,6.1
18.808,121.08,5.6
38.102,91.179,5.8
53.47,-167.291,6.9
38.473,20.29,5.7
36.957,141.603,5.6
-37.965,176.765,6.5
-37.817,176.949,5.8
-45.708,96.212,6.2
-37.912,176.848,5.5
46.347,152.013,5.7
-6.528,147.921,5.5
-24.388,-70.161,7.6
-24.432,-70.216,5.6
-24.463,-70.466,5.6
-24.495,-70.701,7.0
-5.887,146.653,5.5
0.048,-77.653,6.4
0.151,-77.821,7.2
-0.22,-77.6,5.5
-24.089,-70.104,6.1
0.022,-77.927,6.0
-24.149,-70.118,6.2
14.59,-92.287,5.6
51.135,179.587,5.7
-16.022,167.399,5.9
-15.988,-172.716,5.7
-18.448,-72.035,5.8
-18.341,-71.976,5.6
36.924,141.662,5.6
40.612,145.259,5.8
40.595,145.235,5.5
49.939,78.823,5.5
15.61,-94.597,6.1
-0.268,-18.147,5.5
-31.84,-177.551,5.5
-31.85,-176.42,5.5
12.301,-87.432,5.6
-23.771,-177.301,5.6
-23.778,-177.325,6.2
-23.52,-177.467,5.6
-38.897,-92.203,5.9
24.945,127.096,5.5
15.609,-94.581,5.9
-24.285,-70.557,5.5
-10.365,91.617,5.5
-5.314,151.488,5.6
-6.441,147.652,5.5
-6.414,147.645,5.6
-6.446,147.603,6.0
-10.9,165.942,5.7
2.114,126.571,6.1
32.034,131.837,6.7
-30.188,-177.612,5.6
-14.898,167.225,5.8
29.229,137.907,5.7
-20.397,-176.134,6.6
52.056,-177.547,6.4
8.816,-83.404,5.8
51.594,-173.574,6.2
-24.058,-70.142,6.1
37.447,137.865,5.7
-21.517,-173.801,5.6
-13.731,167.197,6.2
-21.39,-174.459,6.1
30.658,131.328,5.7
-5.275,152.563,5.7
-17.244,167.886,5.7
-22.767,-66.205,7.0
36.104,71.156,5.6
49.928,78.829,6.2
-4.731,144.216,6.0
-42.363,-18.565,5.5
37.363,141.796,6.7
-22.782,-66.074,5.5
-5.436,152.928,5.5
11.678,-86.401,6.4
1.242,128.432,6.3
52.834,-168.309,5.7
1.024,128.462,5.6
-37.332,78.218,5.7
18.802,146.951,6.1
18.796,146.992,5.7
-58.341,-25.421,5.7
-22.278,171.815,5.9
37.065,141.473,6.1
15.348,145.78,5.5
49.886,78.691,6.0
-21.654,-179.137,5.8
-22.74,170.261,6.1
37.155,141.573,6.7
15.877,120.226,5.6
16.066,120.301,6.9
2.244,98.866,6.4
-17.288,-174.944,5.7
-57.384,-24.552,5.8
-38.724,47.386,5.5
2.052,99.086,5.8
27.437,56.109,5.7
-19.013,-177.736,6.5
-3.214,138.733,5.6
39.761,74.573,5.7
-20.833,-178.577,5.7
37.618,-31.913,5.5
-0.003,-19.152,6.2
36.48,70.673,6.2
49.83,78.125,5.6
51.272,-179.898,6.8
-5.715,152.656,6.5
46.736,139.232,6.8
-11.343,165.745,5.6
19.202,145.521,5.6
-30.911,-65.503,5.5
-14.645,167.326,5.5
4.47,127.709,6.5
38.902,141.988,5.8
7.09,126.701,6.7
28.165,55.559,5.5
-5.271,151.342,6.1
-33.73,-72.198,5.8
-5.644,-81.377,6.0
-50.056,-115.082,5.5
-13.568,167.154,5.6
-18.015,-178.49,5.5
25.271,94.202,6.3
49.282,147.693,6.8
44.408,147.102,5.5
-2.229,100.033,6.0
8.302,125.362,6.3
-16.217,178.302,5.7
29.862,139.067,5.6
-30.284,-71.484,6.2
-21.185,-174.254,5.6
-21.893,-138.964,5.6
8.047,125.41,5.7
63.85,-19.728,6.0
38.222,142.318,5.5
-15.322,-173.555,5.7
51.54,-177.509,5.5
9.093,-83.869,5.5
-4.537,151.941,5.6
-6.356,148.838,5.6
-4.615,101.96,5.8
39.729,142.82,5.5
41.584,88.737,6.2
11.574,141.641,5.5
5.381,127.534,6.1
5.265,127.513,5.8
5.333,127.397,5.5
-57.708,-142.509,5.6
10.672,126.115,6.5
20.429,121.366,6.3
-0.378,-19.076,5.8
-6.366,148.832,6.3
12.752,-44.537,5.6
-35.278,-106.666,5.6
-2.766,138.952,5.6
4.135,94.81,5.8
-60.167,-26.954,6.2
-49.649,117.337,5.5
-19.706,-179.807,5.6
44.671,150.392,6.0
-35.487,-179.585,5.8
10.429,126.147,6.2
10.383,126.266,5.6
-58.269,-65.623,5.5
-12.479,-76.731,5.5
3.915,125.949,5.6
-35.853,-179.795,5.5
-22.931,-176.727,5.6
-5.577,130.791,7.1
17.291,121.356,5.9
-10.707,162.326,6.3
-21.213,-68.362,5.7
49.913,78.735,6.1
-7.053,129.637,5.7
2.267,126.908,5.5
54.211,-162.601,6.5
54.285,-162.597,5.5
-57.295,-66.815,5.5
-27.573,-178.543,5.8
7.374,-82.219,5.7
-21.179,173.581,6.5
-21.069,173.298,5.8
-21.243,173.64,5.8
-59.657,-26.127,5.8
47.297,-27.463,5.7
-21.276,169.18,6.1
-2.164,138.17,6.6
-14.097,-75.979,6.2
-15.631,-173.072,5.6
-21.126,169.206,5.6
-1.07,-13.054,5.6
24.066,-108.788,5.6
31.196,130.322,5.8
-6.786,72.247,5.7
51.486,-174.66,5.6
51.508,-174.721,5.9
-26.999,-108.285,6.7
-14.074,167.828,6.6
-13.994,167.781,5.7
4.403,125.028,5.7
-25.826,178.169,5.7
-26.969,-108.156,6.5
-5.701,129.883,5.5
46.437,149.558,5.7
-56.375,-25.642,6.0
55.137,165.525,6.4
82.229,-17.556,5.6
36.953,142.669,5.6
-56.632,-25.844,5.5
-15.332,-70.061,6.0
49.631,147.828,5.9
29.255,130.567,5.7
17.522,-97.153,6.2
33.059,138.096,5.9
-55.948,-27.683,5.8
49.799,78.11,5.8
1.496,-85.3,6.2
-15.475,-74.074,5.5
-36.295,-97.252,5.8
-5.562,151.79,5.6
4.051,125.582,5.6
56.231,-153.65,5.7
60.155,-153.771,5.6
-31.256,-72.686,5.6
-30.21,165.781,5.6
-55.008,-124.334,5.9
0.658,-25.998,5.9
-18.24,-178.208,5.7
-18.309,-178.134,5.7
0.175,123.605,5.5
40.4156667,-124.3826667,5.6
40.42,-124.41,6.0
49.88,78.917,5.9
73.339,54.626,5.8
-5.417,-105.015,5.7
0.937,-28.557,5.6
-58.688,158.224,5.6
-37.004,178.938,5.7
-19.022,-69.991,7.2
-35.141,-104.064,5.6
29.502,83.714,5.6
-15.863,-178.697,5.6
16.092,146.889,5.7
5.888,125.66,5.7
29.867,63.84,6.1
-6.35,154.712,5.7
-12.262,166.649,5.9
14.089,-59.257,5.7
-31.658,58.453,5.6
-17.897,-70.931,6.6
-14.815,167.985,5.6
-12.58,166.589,6.0
53.416,-169.113,6.0
-28.135,-70.884,6.5
-34.963,179.654,6.1
-5.593,151.686,6.1
-5.483,151.732,5.9
-6.526,154.877,5.9
23.893,-108.738,5.5
-20.749,-178.464,6.1
-23.052,-66.529,6.7
-58.893,158.513,7.4
-59.538,159.005,6.8
-59.588,159.27,5.9
49.293,156.41,6.3
49.262,156.266,5.7
49.213,156.221,5.7
39.367,54.755,5.7
-31.089,-177.968,6.6
-31.218,-177.804,5.7
6.521,-82.572,6.0
6.547,-82.522,5.8
49.612,156.36,5.6
-7.123,123.29,5.5
-22.329,-68.384,5.6
14.272,-89.979,5.8
39.429,144.732,5.5
-34.333,-69.971,6.0
30.488,139.671,5.6
-4.709,153.157,6.0
-56.67,-26.19,5.6
-4.118,145.706,6.1
-24.269,-69.148,5.6
-15.001,-75.667,5.6
-9.186,-79.059,5.7
-0.978,-78.05,6.4
-1.082,-78.127,6.0
76.421,134.275,5.5
45.96,149.519,5.8
-50.716,139.279,6.2
-50.468,139.528,6.1
36.6,141.301,5.9
-21.841,-179.454,5.5
55.463,164.537,5.5
-6.533,-81.094,5.5
-21.503,169.778,5.6
-18.404,168.266,6.1
-18.411,168.058,6.8
-18.546,168.161,6.6
-18.34,168.122,5.5
-18.162,167.865,6.5
-11.389,166.147,5.8
-65.114,177.537,5.6
34.061,-118.079,5.9
27.346,139.942,5.8
-8.143,-77.954,5.6
-17.95,-69.247,5.9
-5.447,131.012,6.4
36.454,71.437,6.1
10.823,-85.926,6.2
37.306,141.615,5.7
55.585,161.623,5.9
-0.06,129.919,5.6
-17.94,-172.225,7.3
-5.798,151.684,5.6
52.956,159.972,6.5
-22.845,-68.03,5.6
-19.599,-173.111,6.3
-7.871,105.256,5.5
-6.066,113.153,5.9
-35.004,179.685,5.6
-7.288,154.371,7.0
-7.141,154.361,5.5
-7.232,154.312,5.6
-34.393,179.82,5.5
5.677,133.257,5.7
13.359,-89.624,5.7
-6.306,129.317,5.9
-6.266,149.06,7.4
-56.058,-27.209,5.5
-6.552,149.226,5.5
52.577,172.32,6.0
0.917,-87.073,5.6
-19.204,169.089,5.7
-21.822,-139.029,5.5
-10.913,166.154,5.7
5.409,36.751,6.3
-2.323,138.364,6.8
-2.297,138.122,5.7
-21.36,-178.805,5.8
-28.676,-62.929,6.4
5.74,36.73,6.0
-28.294,-176.749,5.6
4.817,127.688,6.8
-6.949,-80.548,5.9
-28.674,-177.553,6.2
-55.504,-27.846,5.5
-16.4,-177.527,5.9
-17.204,-173.757,6.2
-21.812,-138.959,5.7
-5.448,151.743,5.7
-22.801,-63.583,6.0
5.634,126.614,6.2
-2.325,140.162,5.5
-17.209,-177.306,5.8
44.515,149.473,5.5
-0.188,125.14,5.8
19.748,-109.018,5.9
19.632,-108.96,6.2
49.871,78.791,6.0
6.832,126.225,5.6
12.534,-87.03,6.5
58.586,-143.27,6.9
58.608,-143.096,5.5
-8.094,108.793,5.5
58.642,-143.19,5.8
12.845,124.77,6.4
24.248,142.608,5.7
-21.904,-138.995,5.9
46.413,153.478,5.5
61.616,-141.323,5.5
33.08,-115.78,6.0
33.09,-115.792,6.2
-56.076,-27.481,5.5
-17.676,-178.596,5.5
-5.607,149.415,5.5
33.01,-115.85,6.5
33.015,-115.852,6.6
-16.976,-174.026,5.9
-5.601,149.39,6.1
-8.247,124.155,6.7
-16.351,168.119,6.2
-0.234,125.064,6.1
18.678,-107.036,5.6
-16.263,168.132,5.5
-16.307,168.141,5.5
-16.373,168.117,6.2
-0.338,124.864,6.3
-45.715,-76.512,5.5
-19.648,175.944,5.5
-0.097,124.993,5.6
58.679,-142.786,7.9
58.239,-142.742,5.9
-17.768,-172.904,5.5
57.953,-142.611,5.8
-5.777,154.555,6.4
-16.613,-172.613,5.5
-13.632,167.393,6.3
-13.559,167.454,6.2
-32.636,-112.034,5.6
-40.585,44.574,5.5
-60.409,-27.81,5.8
-15.5,-173.215,5.6
-6.323,149.889,5.5
-22.156,-174.797,6.0
29.692,140.025,6.4
49.989,78.844,6.1
-60.003,-18.499,5.6
23.43,142.908,6.0
58.985,-142.774,5.5
35.362,140.214,6.7
-9.169,114.61,6.0
-1.403,-77.803,5.5
28.191,56.677,5.9
-0.184,122.9,5.5
41.36,89.638,5.5
-51.598,-11.439,5.6
-0.159,124.884,5.6
-19.83,-175.682,5.9
49.864,78.758,6.1
-28.055,-70.615,5.9
-35.053,-70.797,5.5
-6.498,148.96,5.8
-60.069,-26.522,5.5
43.295,142.419,6.0
41.246,19.63,5.9
19.763,-109.234,5.6
-6.165,154.414,5.9
-28.827,-177.423,6.6
51.383,-174.643,5.5
51.309,-174.654,5.5
-32.429,-179.646,5.6
-23.275,-177.033,5.6
-4.649,153.147,5.9
-32.457,-179.749,5.8
