19.246,145.616,6.0
1.863,127.352,5.8
-20.579,-173.972,6.2
-59.076,-23.557,5.8
11.938,126.427,5.8
-13.405,166.629,6.7
27.357,87.867,5.9
-13.309,166.212,6.0
-56.452,-27.043,6.0
-24.563,178.487,5.8
-6.807,108.988,5.9
-2.608,125.952,8.2
54.636,161.703,5.5
-18.697,-177.864,5.6
37.523,73.251,6.0
-51.84,139.741,6.1
51.251,178.715,8.7
51.639,175.055,6.0
52.528,172.007,5.7
51.626,175.746,5.8
51.037,177.848,5.9
51.73,173.975,5.9
51.775,173.058,5.7
52.611,172.588,5.7
51.831,174.368,5.7
51.948,173.969,5.6
51.443,179.605,7.3
52.773,171.974,6.5
51.772,174.696,5.6
52.975,171.091,6.4
52.99,170.874,5.8
51.536,175.045,5.8
13.245,-44.922,5.8
51.812,174.206,5.7
51.762,174.841,5.7
52.438,174.321,6.3
51.946,173.84,5.7
51.738,174.566,6.0
51.487,176.558,5.6
53.008,-162.008,6.4
52.184,175.505,6.2
52.076,172.918,5.6
51.744,175.213,5.7
52.057,174.116,5.7
53.191,-161.859,6.3
51.447,176.469,5.8
51.258,173.393,5.7
52.031,175.411,5.7
51.294,179.092,5.8
55.223,165.426,5.9
-18.718,169.386,5.6
52.815,171.904,6.0
52.188,172.752,5.8
51.009,179.325,5.8
3.026,125.951,5.9
38.908,142.095,5.7
51.694,176.446,5.7
21.527,143.081,5.6
25.011,94.186,5.6
-7.251,126.715,5.9
51.415,179.358,5.8
-15.343,-172.889,5.8
-25.633,-70.679,7.0
-5.461,151.98,6.2
51.884,173.072,6.2
6.746,-72.971,5.6
28.133,-112.208,6.0
-5.377,152.115,5.9
21.104,121.218,5.7
-5.371,152.055,5.5
21.122,121.148,5.6
52.204,173.911,5.7
15.404,-92.623,5.6
38.399,28.226,5.8
-27.145,-177.262,5.6
-5.514,151.819,6.7
53.046,171.308,6.3
-5.487,146.993,5.7
50.928,179.511,5.5
52.39,174.937,5.6
-27.027,-63.214,5.8
52.416,174.239,5.6
-18.425,-132.923,5.6
20.13,121.461,5.8
-29.998,-177.968,6.0
39.197,23.86,6.1
53.292,-162.331,5.7
36.405,70.724,7.4
22.635,121.117,5.8
40.697,143.032,6.4
52.785,171.821,6.0
-20.036,-175.89,6.3
-55.857,-26.758,5.7
-1.887,119.836,6.0
-1.547,126.623,6.3
-15.262,-173.254,6.5
-31.974,-71.573,6.2
-15.382,-173.194,6.2
8.418,126.553,5.7
55.26,161.904,5.8
-32.522,-71.233,7.4
40.687,142.915,6.4
-20.502,-173.701,5.9
50.282,177.959,7.6
38.365,22.405,6.8
9.986,125.896,5.9
15.8,-98.067,5.8
51.865,175.172,5.7
-27.088,-176.046,5.6
37.505,22.067,6.1
44.812,150.871,5.7
36.083,139.968,5.7
-0.463,120.039,6.2
52.192,173.437,6.1
-32.707,-178.207,6.0
35.047,24.318,6.2
-20.455,-173.621,5.7
-17.857,-178.646,6.5
-13.409,170.376,6.3
-42.692,174.205,5.9
-26.168,178.628,5.7
30.317,138.702,5.6
25.08,122.897,5.6
64.572,-160.375,6.0
41.46,-127.416,5.9
-59.687,-26.454,6.1
-59.586,-26.372,6.1
34.848,138.332,6.0
11.451,140.231,5.8
24.409,142.776,6.0
-1.733,126.568,5.7
54.157,-162.59,5.6
21.045,120.798,6.1
-6.822,129.504,6.0
35.626,23.425,6.1
1.333,-85.075,5.8
47.288,-122.406,6.7
-5.548,110.332,6.0
60.35,-146.176,5.6
28.927,128.769,5.8
-32.537,-70.569,5.8
13.683,-89.07,5.9
-24.281,-67.927,5.7
41.801,79.414,6.2
-3.523,137.924,5.7
-6.174,130.358,6.1
-4.131,134.946,5.8
5.268,125.467,5.9
22.336,121.248,6.7
-8.938,159.083,5.6
-6.575,105.311,5.6
-4.819,152.436,5.5
-14.921,167.34,7.7
1.309,126.239,5.7
-21.126,-178.537,6.1
52.149,175.119,6.0
13.174,124.604,5.9
51.227,178.882,5.8
-55.957,-27.875,6.0
-7.566,128.578,5.9
-23.54,-179.917,5.7
15.674,-46.712,5.9
-1.649,126.552,5.6
51.884,174.015,5.6
44.608,149.022,7.0
44.578,148.699,7.2
44.133,149.255,5.5
44.112,149.539,5.6
44.299,149.032,5.7
44.167,149.87,5.6
43.775,149.448,5.7
43.804,149.351,5.7
43.885,149.339,5.5
-20.38,-68.944,5.9
41.705,143.727,6.1
37.718,29.378,5.9
-39.902,45.55,5.6
-38.08,177.442,5.9
-21.025,173.574,6.2
32.052,87.784,5.9
44.505,149.218,5.6
42.973,-126.652,5.5
28.134,55.891,5.9
7.175,123.613,6.3
56.543,-152.948,6.5
7.034,126.25,5.8
-54.437,4.965,5.7
60.281,-141.418,6.5
23.764,121.56,5.9
-5.01,153.06,6.0
-1.734,126.53,5.8
51.813,176.53,5.7
-63.159,-163.707,6.1
52.99,-167.739,7.8
22.338,101.496,5.9
-22.567,172.939,5.8
38.384,22.545,6.3
46.591,152.467,5.6
-4.408,155.062,6.3
-6.819,105.505,5.7
-28.428,-68.25,5.7
7.74,123.811,6.0
-9.72,159.888,5.9
7.56,124.247,5.7
53.318,170.365,5.5
1.813,99.276,5.5
41.278,146.682,5.6
51.472,175.894,5.7
-2.335,101.767,5.6
51.05,-171.289,6.8
50.799,-171.607,5.7
51.076,-171.466,5.6
6.789,-72.907,5.6
-32.441,-178.803,5.9
-56.046,157.922,7.3
-7.526,-81.179,5.7
-5.213,151.701,6.5
-15.449,166.98,7.2
-15.67,167.216,5.8
-15.685,167.097,6.9
-15.741,167.26,6.0
-15.861,167.092,7.6
-15.817,167.399,6.9
-5.36,152.116,6.8
-15.931,167.392,5.9
-15.97,167.439,5.8
-15.995,166.96,6.1
-15.871,166.96,7.4
-16.198,167.607,7.2
-16.801,167.602,6.2
-6.38,148.543,6.0
-15.819,166.794,6.0
-11.385,166.332,5.7
-0.53,-19.951,6.2
4.872,95.836,6.1
-15.185,166.67,5.8
-15.945,166.999,6.2
-5.714,128.493,6.7
-18.954,-68.82,6.7
-22.887,-176.194,6.1
-5.921,103.993,5.6
40.459,26.206,6.0
16.081,-95.867,7.4
15.837,-96.235,5.8
44.453,149.06,5.7
-16.931,167.454,5.8
-6.428,104.667,5.7
-34.596,179.922,5.8
51.867,175.451,5.5
46.515,153.387,5.9
58.09,-152.525,7.0
57.513,-152.263,5.7
6.47,-84.408,6.2
-5.349,152.955,6.2
-6.209,151.651,6.1
-6.416,70.726,6.3
55.338,165.731,5.9
-36.448,-97.6,6.1
8.382,126.895,5.8
7.156,126.522,6.0
-1.443,-77.476,6.5
36.269,141.533,5.8
36.245,141.53,5.9
36.27,141.361,6.8
8.188,126.874,6.0
28.952,128.227,6.7
20.682,99.326,5.9
-5.391,151.631,5.9
36.395,141.46,6.3
13.092,145.167,5.6
39.626,143.357,5.7
-54.757,-38.244,5.8
51.752,175.5,5.6
-28.278,-177.999,6.5
59.28,-144.06,6.1
49.937,178.166,6.8
-19.921,174.48,6.2
-60.468,-24.551,6.0
49.426,156.417,5.9
-42.969,-75.225,5.9
12.347,114.485,5.9
-59.225,-25.091,5.8
56.19,-153.615,5.6
3.113,128.558,5.7
-7.981,156.287,5.7
-1.28,127.725,6.3
52.366,174.254,6.1
53.901,-165.403,5.6
4.203,125.787,5.9
49.646,156.116,5.6
44.12,145.389,6.7
-1.257,127.735,5.6
-9.031,-71.139,6.7
-22.457,-113.788,6.1
-3.144,143.789,5.9
-22.126,-113.928,6.2
30.628,140.23,6.4
43.745,87.843,6.5
-29.414,-68.166,5.7
36.514,141.229,5.7
-0.224,-18.645,6.1
6.553,126.903,5.9
30.887,-41.479,6.0
25.449,125.319,5.7
-7.058,129.347,5.6
-18.855,-177.721,6.5
53.909,160.579,6.0
-7.225,129.12,5.8
-6.193,130.402,6.5
51.936,-176.092,5.7
51.361,-179.716,5.9
2.983,124.831,6.2
51.42,-179.7,5.6
-8.666,111.103,5.8
33.011,141.079,5.6
-9.611,159.797,5.8
-45.847,-72.958,6.2
36.096,27.318,5.9
-4.841,103.103,5.8
51.101,-170.604,5.8
52.612,173.14,5.6
18.919,-107.176,6.7
-6.458,146.298,6.3
-37.199,177.558,6.0
17.135,-100.126,6.4
-18.108,-178.062,6.2
-11.292,166.143,5.9
44.688,149.939,6.0
44.757,150.195,5.6
-56.722,-141.439,5.8
7.65,-81.913,6.3
52.293,160.356,5.8
58.335,-153.303,6.1
60.481,-140.766,5.6
-18.096,-178.979,6.2
-5.201,151.583,5.9
27.863,141.992,5.8
54.21,-164.476,5.6
-16.673,-71.111,5.8
13.248,95.42,5.8
0.586,120.141,5.9
33.675,137.244,6.0
52.829,172.048,5.7
52.764,172.058,5.8
37.883,138.151,5.8
55.956,-153.942,6.2
30.013,69.606,5.8
-59.548,-26.465,5.6
-17.114,168.559,6.0
51.514,157.119,5.6
-24.837,-64.413,5.7
0.211,123.555,5.7
16.709,119.973,5.7
24.13,121.966,5.8
-15.899,167.914,6.4
39.093,21.777,6.2
26.246,103.187,6.4
50.023,155.506,5.9
29.956,69.761,6.5
30.276,70.041,6.5
-56.79,-25.965,6.3
-9.851,116.376,5.8
31.193,142.001,5.8
20.711,146.163,6.5
-6.561,132.642,6.0
26.12,103.222,5.9
-17.67,168.021,6.6
-32.265,78.866,6.6
-32.233,78.999,5.7
6.709,123.842,5.9
-55.495,-27.079,6.0
26.14,125.744,5.6
-5.388,151.592,6.9
-15.404,-172.843,6.0
52.55,173.462,5.6
43.691,139.738,5.6
29.244,130.344,6.0
-25.983,-70.328,5.7
48.256,154.425,5.8
-38.747,178.061,5.9
31.525,80.487,6.7
31.422,80.554,6.3
37.156,114.875,6.5
-13.696,166.555,6.2
1.903,126.334,6.2
1.742,126.337,5.6
-19.991,-68.842,5.8
24.122,122.583,7.5
-21.149,-179.093,6.7
-52.655,19.709,5.6
0.622,29.863,6.6
-21.176,-174.429,5.6
37.535,115.039,6.2
37.545,115.061,6.8
23.973,122.938,6.2
-13.626,166.829,5.9
37.714,115.275,6.0
37.798,115.096,5.9
8.865,-83.467,5.7
23.869,142.248,6.0
37.464,115.127,6.0
36.617,141.121,5.7
12.01,92.483,5.8
-45.685,96.003,6.3
56.382,-154.604,5.6
26.199,127.507,5.7
51.301,157.703,6.2
9.409,-84.282,5.8
-14.074,166.724,5.7
-31.452,-71.049,6.1
18.113,-102.557,5.7
-38.231,-72.695,6.3
-38.194,-73.198,5.9
56.896,-153.601,6.2
18.82,147.221,6.0
41.703,48.238,6.0
35.581,142.171,6.0
35.6,142.037,5.9
-37.656,-73.428,5.9
57.271,-152.483,5.8
-0.711,122.191,6.5
-0.57,122.235,6.1
-8.341,-74.142,6.4
-5.996,149.735,6.1
-8.495,114.967,5.6
24.298,122.595,6.2
34.425,26.455,6.0
48.888,156.275,6.2
48.848,156.288,5.6
48.853,156.133,5.8
34.023,138.983,5.7
51.41,-178.291,6.1
-6.974,129.352,5.7
-44.195,-75.478,5.6
24.97,-109.085,5.9
53.934,-164.122,6.0
13.901,146.481,6.1
19.374,122.147,5.5
30.081,139.992,5.7
13.894,146.41,5.7
-6.384,131.044,5.7
-21.658,169.814,5.7
-52.772,160.124,6.1
24.274,122.631,5.8
-23.461,-174.657,5.8
50.993,175.957,5.5
-0.047,123.13,5.8
46.418,152.735,6.0
-14.929,167.839,5.6
36.421,71.224,6.6
9.528,126.505,6.0
-14.828,-75.835,6.2
24.328,122.66,5.6
11.323,139.593,6.8
44.238,147.766,5.7
51.399,-178.35,5.6
-21.242,174.342,6.1
-12.191,167.132,6.7
-10.318,161.006,7.1
-10.061,161.149,6.8
-10.033,160.937,5.9
-10.172,160.85,5.7
-11.022,165.171,5.8
50.164,157.767,5.5
-7.24,124.583,7.0
43.726,140.19,5.6
29.504,80.845,6.0
29.543,80.915,5.7
29.706,80.935,6.3
-38.36,177.139,5.6
-13.794,166.644,6.0
24.739,122.414,6.4
51.745,176.296,5.8
51.826,179.778,6.8
51.867,-179.88,5.8
24.303,125.186,6.1
-19.474,-173.254,6.0
44.707,37.272,5.7
56.241,164.754,6.4
51.748,-173.478,5.6
-17.757,-178.55,6.4
51.664,-173.677,5.7
-24.16,-70.082,5.8
29.937,68.778,6.0
29.906,68.681,6.2
29.988,68.588,6.9
-10.987,162.767,5.7
50.513,-171.301,6.9
-10.692,161.237,5.6
31.0395,-113.7773333,6.35
19.279,-108.27,6.0
-20.161,-175.228,6.0
-23.495,-175.808,5.9
52.563,-161.63,5.8
28.565,78.961,5.6
13.295,121.467,6.0
3.487,64.014,6.0
36.395,70.903,5.8
37.38,-114.157,5.7
-21.343,171.484,6.2
-5.026,125.119,5.7
52.156,175.053,5.6
14.478,-91.84,5.8
-0.111,125.071,6.1
-0.007,125.026,6.0
39.235,41.572,6.8
-3.195,-77.166,5.7
42.981,140.708,5.8
39.438,41.094,6.2
-23.734,-175.678,6.1
8.48,126.645,6.0
-1.741,134.06,5.9
-22.499,170.742,6.3
23.873,123.228,5.7
-27.693,-177.185,5.8
-22.128,170.04,6.0
-36.094,178.575,5.7
61.197,-147.781,5.6
2.388,128.49,7.7
45.401,150.549,5.6
6.761,-72.976,5.9
-22.987,170.75,6.3
39.385,-120.252,5.9
-60.244,-27.199,6.7
-60.256,-26.922,6.2
22.924,121.507,6.2
27.775,54.227,5.7
18.261,-100.985,6.0
27.419,92.576,5.9
27.412,100.103,6.3
-21.558,170.596,6.9
61.58,-150.126,5.6
-16.654,-177.279,6.1
-60.354,-26.485,6.1
-11.793,121.601,6.0
-31.241,-177.747,5.8
29.734,142.669,5.7
-56.111,-27.62,5.7
-10.665,-78.228,8.1
-1.571,-15.611,7.0
-18.319,167.58,5.7
22.232,145.978,6.7
38.796,21.242,5.9
19.102,-67.878,6.0
-15.37,-175.109,6.4
-31.973,-68.301,6.1
52.141,-169.158,5.6
-23.822,-67.863,5.6
41.746,144.389,6.0
-15.681,167.258,6.3
17.042,-61.885,5.6
48.019,146.857,5.9
-57.964,-25.518,5.8
-14.851,167.051,5.9
-25.563,-70.497,5.7
6.6,-82.746,5.6
-13.954,167.045,6.8
3.251,128.174,5.7
44.475,151.655,5.9
14.351,-91.963,5.7
-3.424,145.703,6.3
-4.928,144.05,6.3
21.487,94.322,5.7
29.535,80.823,5.7
-26.123,-63.152,6.3
37.3021667,-116.4083333,5.62
-19.98,169.834,6.3
-7.039,148.256,6.6
37.126,141.202,5.6
-25.494,-70.55,7.7
-32.838,-111.783,5.6
-12.091,166.552,7.8
-12.326,166.491,7.1
-15.237,-173.608,6.5
-11.2,165.416,5.9
-10.187,28.424,5.6
-12.347,166.221,6.0
-11.093,165.668,6.1
-11.112,165.536,5.6
-12.376,166.473,5.8
20.318,120.114,5.6
10.881,-62.33,5.5
48.168,103.036,7.0
48.477,103.021,5.8
48.04,103.013,5.9
41.878,143.482,5.9
-1.461,126.477,5.6
-48.873,112.803,6.0
11.854,142.866,5.7
-0.149,120.033,5.7
33.989,45.738,6.1
-10.515,161.406,6.2
-11.248,165.623,6.0
-27.335,-63.204,6.2
38.244,142.152,6.6
56.564,120.947,5.5
52.565,-168.501,5.9
-11.903,166.494,5.9
48.105,103.064,6.4
-49.917,-114.881,6.3
19.973,-109.129,6.0
41.5,142.2,5.7
-0.922,-21.081,6.5
36.715,71.625,6.0
52.45,-169.603,6.8
52.288,-169.353,5.6
52.242,-169.468,5.8
26.107,96.115,5.6
2.619,-84.363,5.6
-57.94,-25.663,6.1
-5.542,110.478,5.6
56.521,-157.326,5.7
2.849,-74.798,7.0
52.812,-34.14,7.0
13.555,96.463,6.8
-13.303,171.408,5.8
-9.163,-71.274,7.0
-23.878,-175.078,6.5
-5.873,153.267,5.6
-8.965,113.017,6.3
-0.072,124.213,5.9
33.617,75.333,5.5
-19.516,169.216,5.8
26.184,128.611,6.0
-0.077,123.947,5.9
-0.114,123.969,5.9
32.608,141.649,6.0
-0.214,-78.595,6.0
21.398,121.823,5.7
-18.558,-175.286,5.7
39.1,24.684,6.6
-10.617,166.198,5.9
-10.622,166.333,5.9
-10.821,166.388,5.9
19.263,-95.801,5.9
-40.17,-74.722,5.7
19.581,38.874,5.6
28.463,94.248,5.7
-3.575,150.909,6.2
-6.075,146.354,5.7
-6.727,129.744,6.2
45.527,151.188,6.7
45.672,151.301,5.8
45.438,151.511,5.7
-5.972,112.225,6.7
45.201,151.551,5.9
-9.182,148.623,5.7
38.474,116.608,6.1
-16.438,168.214,6.4
-11.114,115.227,6.2
45.718,151.83,6.1
45.661,151.789,5.8
45.617,151.703,6.1
-6.024,151.499,5.9
20.036,147.311,5.9
19.992,147.227,5.7
20.07,147.252,5.8
-3.989,135.677,6.0
-7.359,155.753,5.7
-7.222,155.833,6.1
-63.66,-167.459,6.1
5.121,96.286,6.7
5.349,96.483,5.6
18.309,-100.125,5.8
-5.605,129.639,5.7
-5.401,126.688,6.2
13.558,146.268,5.7
51.42,-178.261,5.7
-1.808,138.694,5.8
39.528,21.267,6.2
-55.604,-28.129,5.9
-10.425,161.494,5.8
5.161,127.412,5.7
39.365,73.787,5.6
-20.304,-68.821,6.1
-59.076,-65.47,5.7
-0.897,101.313,6.7
-56.191,-27.608,5.8
51.851,176.105,5.8
36.034,77.714,5.9
12.115,143.729,5.8
53.567,-165.718,5.8
-6.794,154.934,5.6
58.207,-151.453,5.6
-41.394,-73.809,5.7
-44.881,35.508,5.8
47.649,154.23,6.0
-15.052,-73.315,5.7
-15.406,-173.343,6.2
47.449,154.503,5.6
-58.375,-26.956,6.0
52.539,-166.912,6.1
52.638,-167.155,5.9
-2.336,-77.519,5.7
64.65,-147.798,5.7
-25.076,-70.394,6.2
-5.859,130.325,5.8
-19.142,167.74,5.6
12.531,141.665,5.7
12.488,141.655,5.8
-9.543,157.752,5.6
-47.085,165.844,5.7
-7.249,128.596,5.5
54.358,-158.087,6.5
8.823,93.637,6.1
43.136,142.67,5.7
52.557,-168.19,6.1
8.571,125.941,5.7
4.894,126.855,5.7
5.479,-82.732,6.1
-0.869,132.73,6.2
7.557,134.69,6.4
-33.451,-178.828,6.1
40.751,30.8,7.4
39.568,40.445,6.2
6.747,-73.032,6.8
10.559,-67.33,6.6
40.764,30.609,5.7
-13.02,-76.731,5.7
-6.484,130.544,5.9
45.342,150.317,5.6
-24.719,-177.33,6.7
-14.89,166.756,5.7
35.388,135.43,6.3
43.094,-0.731,5.7
-4.41,152.439,6.3
31.079,93.639,5.7
0.873,98.876,5.7
27.693,127.685,5.6
10.295,125.881,6.0
-12.481,166.652,5.7
-25.265,-69.044,5.8
3.697,95.669,6.6
-60.761,-24.301,6.6
-60.898,-23.378,5.7
43.565,147.578,5.6
-14.94,166.902,5.8
12.173,140.765,6.2
12.273,140.896,5.6
31.633,100.262,6.4
31.587,100.255,5.8
45.444,151.353,6.0
-5.615,147.201,5.7
-10.656,-79.674,7.0
-31.278,-179.422,6.5
14.596,93.48,5.7
2.626,124.226,5.9
12.27,140.953,6.1
-27.623,-63.23,6.7
-54.55,-136.196,6.3
52.741,172.489,5.6
35.607,140.738,5.8
27.338,91.91,5.8
51.721,-176.222,5.6
-5.985,146.6,5.8
43.065,145.297,6.1
-57.799,-23.802,6.3
-49.736,164.009,7.0
-49.588,163.812,5.7
-20.729,169.932,6.2
44.626,149.487,6.2
-33.463,-70.532,5.9
-30.086,-71.446,6.2
-6.52,153.465,6.2
59.335,-147.157,5.9
28.984,129.95,5.7
10.878,-85.964,6.2
-5.631,153.959,6.8
49.107,156.309,5.6
-9.445,148.843,5.7
-5.623,154.057,5.9
-21.182,-179.186,7.2
30.449,142.687,5.6
-21.025,-179.146,5.6
52.13,152.592,5.8
-7.131,129.828,6.0
11.925,-85.872,7.1
1.715,127.493,5.7
17.241,121.886,5.7
79.765,2.851,6.0
-33.799,-179.34,5.7
24.401,122.218,6.8
24.416,122.275,5.7
-4.624,135.649,5.7
-17.727,-178.856,5.6
37.317,141.846,6.0
43.523,144.316,6.7
43.502,144.261,5.6
-2.704,-77.631,6.1
-15.043,-172.636,5.6
16.853,-85.789,5.6
-5.233,133.932,5.6
51.094,178.524,5.8
-7.163,123.752,6.2
-6.157,71.342,5.9
-17.279,-171.847,6.4
-5.46,147.112,5.9
-28.865,-71.369,6.3
28.381,-43.765,5.7
36.44,141.272,5.8
-22.642,171.04,6.4
72.763,8.011,5.7
-22.687,170.92,5.9
14.432,52.099,6.5
80.161,-0.794,6.5
28.583,130.138,5.7
-8.046,112.981,5.7
-31.128,-71.396,5.6
32.165,130.844,5.6
41.386,20.532,6.7
49.439,154.435,6.3
-14.591,167.312,5.6
-10.862,164.226,5.8
40.478,-124.656,5.6
17.412,73.885,6.6
47.594,152.727,5.8
-19.164,168.656,5.7
51.22,157.619,6.0
12.062,143.799,5.7
-21.865,-69.939,7.3
-5.206,151.831,5.9
17.351,-61.232,6.4
17.543,-61.31,6.2
-5.208,153.742,7.2
-21.58,-70.299,6.3
-21.362,-68.311,6.7
-22.548,-174.673,6.5
-7.103,154.844,5.7
-5.175,153.421,5.9
52.226,-171.468,6.1
-9.779,148.835,5.8
-27.845,-70.873,6.4
-5.042,153.961,5.7
33.623,141.938,6.0
23.965,122.161,6.1
-24.28,-67.006,5.7
-7.552,127.871,6.0
52.619,-171.445,5.6
52.53,-171.418,6.2
37.702,13.033,6.4
-9.213,158.542,6.7
-42.559,-75.278,5.7
-16.097,178.131,5.7
-30.116,-179.547,6.1
-1.352,-14.249,6.5
-8.875,120.265,6.8
36.448,70.451,5.6
43.566,146.741,7.4
43.343,147.259,6.1
43.246,147.701,5.9
-6.066,113.373,6.3
43.203,146.986,5.6
46.606,152.761,5.7
16.578,-99.533,5.8
43.05,147.283,6.6
-0.135,124.145,5.6
-28.59,-70.999,5.6
46.026,152.189,5.6
-5.42,153.368,7.3
-5.48,131.26,5.7
-5.469,153.269,5.7
39.368,24.957,7.2
12.343,-47.01,5.8
32.066,130.712,6.2
-4.04,128.531,5.6
-32.637,-177.479,5.7
37.586,141.65,5.6
22.733,121.368,7.1
12.194,140.638,5.8
12.117,140.757,5.9
32.928,137.82,6.3
-6.164,71.374,5.9
1.584,122.452,5.7
9.507,126.415,6.3
9.526,126.196,6.1
-5.897,151.013,6.3
-5.603,154.093,5.7
51.955,-177.212,5.5
-36.391,179.575,5.8
-16.212,-173.889,6.4
3.204,128.182,6.1
-20.624,-69.119,5.6
13.255,145.77,5.7
-6.626,116.161,6.1
8.103,126.317,5.8
47.914,154.053,5.6
-4.178,133.149,5.7
32.449,132.269,7.5
32.241,132.136,6.8
51.359,176.55,5.9
33.1798333,-116.103,6.6
33.514,141.763,5.6
-42.68,-16.088,5.8
-15.676,-172.705,6.3
38.621,143.286,6.3
58.645,-150.086,6.2
-15.575,-172.91,6.2
37.2953333,-116.4556667,5.63
18.462,-103.528,6.1
44.757,174.533,5.5
18.682,-69.641,5.9
-6.348,129.915,5.7
25.191,124.636,5.7
6.741,-73.002,5.7
-58.011,157.724,5.6
43.597,-128.135,6.4
-5.348,-81.835,5.7
-6.34,147.107,5.8
29.938,129.445,6.7
-15.894,26.113,5.6
-29.787,-179.035,5.6
40.86,143.435,8.2
41.11,143.5,6.0
41.097,143.204,5.8
41.444,142.815,6.1
41.43,142.864,7.9
39.856,143.745,6.5
40.82,142.198,5.7
41.35,142.614,6.1
12.678,141.471,5.7
41.506,142.717,6.1
39.808,143.233,6.5
39.698,143.516,6.1
40.699,144.192,6.3
39.684,143.366,6.1
-55.446,-27.854,5.8
35.626,141.955,6.3
40.941,143.458,6.1
40.15,144.063,5.9
-30.799,-178.11,7.0
48.737,154.903,5.8
-30.725,-178.087,6.9
44.822,150.219,7.0
44.758,150.255,5.9
41.162,143.667,5.6
44.878,150.186,6.3
44.737,150.244,5.8
41.529,143.031,6.0
40.25,142.51,6.0
-41.659,172.02,7.2
40.881,143.178,6.6
-6.799,118.853,6.2
-41.939,171.999,5.7
40.179,143.29,6.1
-30.786,-177.63,5.9
-2.85,139.353,7.5
52.215,172.763,5.7
44.65,150.259,5.9
-30.928,-177.397,6.4
40.252,142.397,5.8
-8.076,158.673,5.7
45.445,148.584,5.6
-1.916,120.094,6.7
-2.078,120.462,6.2
-8.74,157.558,5.7
43.54,147.096,5.9
-48.946,31.122,6.2
56.28,-161.493,5.7
39.503,143.07,7.0
-0.591,132.909,5.7
39.362,142.955,6.3
39.235,143.187,5.6
39.421,143.097,6.2
39.306,142.992,5.7
45.25,153.351,5.7
26.88,126.514,5.6
5.591,-82.549,6.2
51.633,159.325,5.7
-53.827,8.766,5.9
41.054,143.259,6.3
-12.301,166.567,6.3
38.745,143.918,6.4
-5.61,-77.086,6.8
-44.054,-75.583,5.8
-5.573,-77.184,5.7
-5.705,-77.258,5.7
40.406,143.767,6.1
39.585,143.587,5.8
42.037,142.897,5.8
-22.207,171.315,5.9
35.999,139.348,6.1
17.515,-100.273,6.4
-29.915,-177.69,5.7
-2.712,138.891,6.0
38.478,142.153,6.3
-6.477,133.887,5.8
-36.772,78.413,6.0
40.211,143.472,5.9
39.554,143.238,6.0
39.623,143.277,6.0
-8.619,125.008,5.9
8.727,93.626,5.8
-3.112,150.6,5.7
-54.73,1.5,6.0
-20.154,169.011,5.6
40.387,143.505,6.0
-30.725,-178.217,7.3
45.558,146.861,5.8
-19.188,176.024,5.7
55.42,166.565,6.1
-22.531,-174.86,6.3
-0.291,133.409,6.2
-6.987,-80.544,6.5
-26.822,-177.09,5.7
16.316,122.067,7.6
27.579,60.979,5.9
16.519,-97.739,7.3
25.637,128.49,6.7
16.475,122.23,6.4
6.498,126.777,6.1
33.231,132.192,6.8
43.024,144.844,5.8
36.363,141.587,5.8
1.514,126.234,7.6
1.328,126.478,5.8
1.402,126.182,6.5
1.619,126.297,5.9
-15.242,-73.924,5.8
52.053,-179.955,5.7
1.584,126.483,6.0
1.704,126.477,5.8
-15.625,167.662,5.7
15.103,122.492,5.7
18.201,-103.232,6.0
0.157,119.802,7.2
-12.76,166.188,5.6
38.589,143.574,5.9
16.557,-98.03,5.6
1.364,126.268,6.0
-10.188,159.914,7.3
1.159,126.1,5.8
5.485,147.082,5.8
-30.775,-178.766,6.5
52.96,171.15,6.2
-21.989,-63.554,6.3
40.108,143.43,5.7
40.056,143.393,5.7
-20.117,-174.984,5.7
-16.321,178.161,5.8
12.363,144.545,5.5
-19.962,176.486,5.9
15.51,122.058,6.4
34.158,59.083,7.1
34.021,58.178,6.2
41.86,32.463,6.3
20.561,-62.28,5.5
31.008,131.907,5.6
-58.456,-25.712,5.7
-3.714,143.074,6.3
-8.752,-74.434,6.1
-43.037,-75.175,5.9
-21.516,-179.26,6.1
28.375,53.207,6.2
40.85,143.338,6.0
-6.024,148.758,6.8
-6.025,148.843,6.1
-15.274,-175.415,6.0
-18.173,167.306,5.8
10.697,-62.748,6.5
42.035,142.676,6.7
-24.261,-66.952,5.7
-46.451,166.562,6.2
15.573,-92.536,6.0
-17.692,-178.459,5.6
-21.071,-176.812,6.1
-30.62,-177.914,7.1
-6.909,129.083,6.0
-3.624,143.473,6.4
-13.235,-76.279,6.1
-3.775,128.493,5.8
-56.186,-27.225,6.0
-15.119,-175.174,6.2
26.358,140.635,7.3
41.965,142.759,6.5
-39.846,87.677,6.1
-23.34,-66.582,5.6
-6.078,148.631,6.1
-20.733,-178.698,6.0
-31.566,117.071,6.5
-0.425,100.575,5.9
29.127,129.575,5.7
24.95,122.439,6.2
40.433,144.299,6.0
-3.33,143.286,7.0
-3.397,143.492,5.7
5.909,127.031,6.3
49.517,156.078,5.7
33.51,140.984,5.6
-12.442,166.41,6.4
31.348,141.904,5.8
65.393,-150.072,6.7
1.191,126.23,6.1
-16.338,-73.386,5.9
-14.177,172.113,6.5
2.358,126.856,6.1
40.172,143.442,5.9
27.488,128.483,5.8
40.188,142.75,6.2
-16.596,175.932,5.9
9.477,-72.588,6.1
-3.201,128.862,5.6
-1.238,-13.862,6.2
16.209,122.262,6.1
1.369,125.716,5.6
13.129,122.553,5.6
-15.444,-175.693,6.4
40.337,142.468,5.9
5.122,126.847,6.4
-57.609,-6.883,5.6
-5.326,151.953,5.8
15.102,-94.802,6.4
-6.74,156.118,5.8
-14.148,23.877,5.7
36.482,26.989,6.1
63.929,-21.954,6.0
-3.517,146.033,6.6
51.465,175.614,5.7
-44.983,-80.485,5.8
-20.67,169.428,6.0
-6.321,130.418,5.7
9.715,125.884,5.9
-15.961,-177.862,5.6
51.467,175.638,5.9
51.541,175.767,6.2
51.672,175.729,6.2
60.146,-153.058,6.3
-19.802,-177.609,5.8
36.128,70.085,5.8
53.434,160.07,6.0
37.2315,-116.4736667,5.52
36.306,101.772,5.6
56.331,-153.996,5.6
57.489,-151.445,5.6
51.096,-179.392,5.6
-56.096,-27.842,6.0
37.14,57.899,5.5
51.132,-179.306,5.9
-6.85,129.821,5.8
-7.97,158.888,7.0
-10.407,164.479,6.9
11.823,143.419,5.6
28.92,130.667,5.9
-7.967,158.999,5.8
36.043,29.221,6.4
-56.756,-26.865,6.4
44.985,143.238,7.0
-14.849,167.345,7.1
-10.441,164.67,6.2
54.899,166.054,5.9
55.901,162.962,5.6
-21.882,-179.498,6.7
0.836,126.005,6.0
55.84,162.688,6.1
8.654,137.854,6.2
-17.048,-171.604,6.0
4.569,127.306,7.6
4.192,128.186,6.4
4.356,128.231,6.0
-15.426,-174.909,5.6
9.252,126.46,5.7
3.8,128.255,6.0
3.882,128.371,5.7
4.254,128.102,5.8
4.738,127.374,6.8
-0.717,121.631,6.1
-8.124,-79.943,6.2
-22.797,178.82,7.2
-22.973,179.076,5.9
41.389,79.307,6.1
-6.784,126.581,7.2
-13.672,167.219,5.7
3.65,128.351,6.3
3.524,128.21,6.3
3.337,128.176,6.3
3.509,128.311,6.0
-3.201,118.904,7.0
-6.122,130.946,6.2
5.255,126.512,5.7
36.033,-10.613,7.8
36.181,-10.54,6.2
40.028,27.572,5.8
51.574,159.196,6.0
4.031,128.112,6.2
36.394,70.746,6.2
41.32,139.81,5.7
-4.193,135.504,6.3
-4.103,135.64,5.7
-5.589,147.23,6.0
12.78,-86.812,5.7
-2.736,126.589,5.8
51.303,-179.068,5.7
38.542,142.886,6.0
44.047,150.906,5.6
28.783,128.435,6.5
31.205,-114.315,5.7
8.697,127.217,6.1
8.734,127.324,5.7
40.38,143.882,5.8
31.296,-114.417,6.0
-15.621,-176.013,5.8
39.083,28.493,5.9
39.237,28.714,6.1
3.745,128.299,6.0
4.575,127.609,6.6
38.515,28.546,6.7
11.875,41.208,6.2
11.886,41.341,6.1
10.324,56.977,5.6
27.575,33.895,6.6
38.502,134.555,6.7
51.117,173.537,5.7
24.315,-110.154,5.9
54.435,169.37,5.6
11.884,41.338,6.1
1.339,-85.024,6.3
38.433,26.631,5.8
76.481,131.227,5.5
-49.191,30.286,5.7
36.825,139.853,5.7
42.082,131.132,5.8
17.747,80.775,5.7
-6.162,129.789,6.4
39.854,143.647,6.1
-6.006,113.079,5.6
-3.549,151.019,6.5
-13.488,166.976,6.2
-13.558,166.773,6.0
39.599,143.616,5.9
-4.524,132.699,5.7
14.092,-91.058,5.6
32.15,131.938,7.0
-26.724,-113.955,6.2
39.893,143.35,6.0
12.705,58.403,5.6
7.413,-82.111,5.8
-30.663,-71.569,6.0
-30.576,-71.249,6.2
0.777,119.99,5.6
-57.655,-25.793,5.7
-22.356,-177.506,5.9
-7.889,158.92,5.7
-16.695,-174.666,6.2
-17.469,168.798,6.0
11.513,-86.278,5.7
36.4,140.736,5.6
-7.221,120.792,6.4
51.294,-179.831,6.9
34.556,70.826,5.6
16.811,-61.24,6.0
-8.897,158.725,5.6
11.734,125.876,6.0
53.179,-160.38,5.5
-31.886,-178.696,5.6
-57.734,-25.372,5.9
11.793,125.786,6.0
-2.174,-76.763,5.7
-32.083,-177.918,6.2
-32.16,-177.984,6.1
-23.558,-174.819,5.8
40.405,143.794,5.8
34.414,25.169,6.1
49.376,155.44,6.4
-8.013,159.044,5.8
19.033,145.477,6.5
-52.744,160.309,6.8
52.537,-167.919,5.8
28.198,129.969,5.6
53.089,-162.506,5.6
-5.405,109.603,5.7
49.209,158.499,5.7
51.486,-179.972,5.8
18.265,-104.779,5.7
-5.894,146.745,5.5
13.443,123.149,5.9
-30.516,-178.118,6.1
-62.884,166.684,6.0
-55.791,147.116,5.8
-3.843,131.523,5.8
16.465,147.287,5.9
2.097,126.65,5.6
46.429,153.324,6.0
39.849,143.737,6.2
52.17,158.845,5.9
38.31,119.572,6.9
-18.499,-63.472,5.6
-17.334,-72.303,6.4
2.905,124.813,5.6
-11.8,166.543,5.7
37.36,141.669,5.6
-11.917,-75.132,6.1
-45.672,35.059,6.1
2.6,126.532,5.6
21.661,111.803,5.7
-11.651,165.192,5.6
59.266,-145.401,5.7
30.786,132.423,5.7
-14.816,167.378,5.6
52.86,-170.052,5.7
45.407,150.882,6.3
45.478,150.942,5.8
-4.27,153.016,5.9
24.125,123.212,5.6
45.336,151.626,5.6
-5.639,125.331,6.3
1.138,126.181,6.9
-5.316,153.708,6.1
-5.211,154.109,5.6
36.369,70.891,5.9
-47.715,-15.654,6.1
-6.069,129.569,6.6
43.552,147.987,6.2
43.634,147.673,6.2
43.599,147.385,7.5
44.007,148.413,5.7
43.208,147.731,5.8
43.666,147.804,5.6
1.848,126.371,6.2
43.235,147.707,6.2
43.301,147.692,6.1
43.584,148.187,6.8
43.789,148.424,6.8
43.768,148.186,5.6
43.323,147.713,6.0
43.518,147.672,6.1
43.948,148.724,6.8
1.702,126.323,5.8
43.522,148.187,5.8
42.858,146.821,5.6
43.378,147.9,6.0
43.456,147.482,5.8
43.999,147.853,6.1
44.14,148.242,6.3
-5.409,152.071,5.8
43.313,147.647,7.1
43.305,147.885,6.3
21.665,143.05,6.1
43.11,148.292,6.1
43.261,147.55,5.8
43.097,147.648,5.6
42.666,141.566,5.9
25.213,-109.188,6.5
25.035,-109.424,6.7
-55.896,-123.21,6.1
24.881,-109.117,6.0
24.679,-109.222,5.6
43.875,148.5,5.8
43.731,148.109,6.6
47.941,153.68,6.3
43.129,147.19,5.9
43.664,148.139,5.8
43.13,148.011,5.8
-5.739,151.194,5.8
-15.333,-173.165,5.6
43.279,147.769,5.7
28.779,143.83,5.6
-31.456,-177.59,6.0
43.267,147.757,5.8
43.573,147.848,6.4
43.232,146.794,5.7
43.54,147.78,6.1
-27.786,-66.573,5.7
31.343,140.33,5.9
46.57,153.629,6.0
43.78,147.456,5.7
22.762,121.656,5.9
43.757,147.485,5.7
36.902,-12.002,6.1
-8.81,157.882,6.2
-8.905,157.963,6.0
-8.887,157.762,5.7
35.794,137.063,6.3
26.158,128.525,5.6
51.207,-179.222,6.7
51.102,-179.142,5.5
43.144,147.648,5.7
39.643,74.952,5.8
39.637,74.781,5.6
51.827,175.366,5.5
45.532,151.738,5.5
27.069,127.327,5.5
37.3141667,-116.4606667,5.82
31.041,131.458,6.0
31.035,131.207,5.8
6.031,125.36,5.7
58.406,-32.168,6.1
-3.082,141.973,5.6
1.684,-101.067,6.2
2.922,95.795,6.0
4.876,-32.684,5.5
18.729,-106.929,6.1
15.291,-45.741,6.8
43.686,147.207,5.6
-60.925,-55.595,6.0
-7.195,128.747,5.8
43.335,147.772,5.8
-33.268,19.386,6.3
-31.66,-177.823,6.2
-11.841,-75.051,6.6
-11.803,-74.942,5.8
-11.842,-75.031,6.0
0.638,-84.982,6.3
-60.793,-19.785,5.7
-33.016,-177.933,5.7
15.041,120.018,5.8
39.691,20.593,5.6
-18.746,169.423,5.9
23.041,94.636,6.3
52.474,173.413,5.6
17.358,-95.198,5.6
51.297,-179.193,5.9
-4.772,152.593,5.7
-18.167,-71.411,5.7
34.609,-121.492,5.8
52.324,-168.696,5.6
43.923,147.919,5.6
-16.167,-173.704,5.8
44.813,17.339,6.1
-53.449,23.581,6.3
44.854,17.253,6.1
45.513,151.004,5.6
51.279,-178.975,6.6
23.148,-107.988,6.6
34.589,-121.428,6.0
51.064,-178.779,6.0
27.793,60.043,6.6
-16.298,167.586,5.7
-5.765,151.541,5.6
52.92,-168.327,5.8
-27.837,-71.794,6.0
56.404,-153.565,5.7
2.005,94.489,7.6
57.65,163.554,7.4
37.118,71.665,6.1
56.106,-153.864,6.0
-16.841,167.834,6.0
-59.825,-28.582,5.8
16.78,-60.698,5.9
8.187,126.286,5.8
40.726,144.715,5.7
1.734,127.282,5.6
-15.071,166.98,6.2
0.909,-28.097,5.6
1.354,126.408,5.6
1.956,126.827,6.1
8.142,58.377,5.8
46.254,142.423,6.3
28.188,130.655,5.6
57.15,163.178,5.9
15.648,-59.694,7.2
15.771,-59.783,5.6
16.062,-59.854,6.1
55.109,-160.395,5.6
16.086,-59.65,5.7
43.373,147.809,5.7
16.094,-59.753,5.9
28.532,129.075,6.3
-29.4,-177.169,5.6
24.185,102.543,7.1
23.984,102.732,5.9
-9.583,151.493,6.3
15.785,-59.808,6.0
-34.85,178.782,6.8
-9.166,117.235,5.8
6.785,126.682,7.2
6.71,126.863,5.7
6.71,126.765,5.7
7.326,126.857,6.0
-10.169,123.233,6.0
60.25,-152.734,5.6
21.393,146.713,5.8
-25.946,-177.219,6.8
-5.344,154.344,5.7
42.523,143.05,6.4
6.843,-104.189,6.7
51.258,177.215,5.7
49.678,154.878,5.6
-12.592,166.488,6.5
-10.829,165.955,5.7
7.44,-72.1,5.8
-20.672,-178.766,6.1
-14.575,167.34,5.9
43.149,147.667,5.7
43.321,147.489,6.0
43.031,147.763,5.8
43.341,147.929,5.7
15.518,-99.576,6.4
24.371,102.302,5.8
46.943,154.2,6.0
46.932,154.204,5.7
12.584,121.952,6.7
54.513,163.189,6.0
12.687,121.924,6.0
23.083,100.771,6.1
47.184,154.092,6.0
47.284,153.782,6.0
-5.936,130.638,5.8
-5.923,112.997,6.5
-10.012,-75.633,5.9
-0.045,122.999,5.9
9.846,125.912,5.6
-22.378,170.363,5.8
-20.724,-176.668,6.0
-8.734,124.062,5.7
27.771,54.54,5.8
30.607,103.203,5.6
59.51,-143.636,5.8
24.126,122.253,6.1
13.567,120.466,5.8
43.439,147.521,5.9
43.473,147.547,6.1
50.144,-179.788,6.1
-8.012,119.726,5.7
52.487,-174.915,7.1
27.756,56.316,5.6
12.213,143.847,6.2
-19.746,-178.538,5.6
7.273,126.891,6.1
1.77,126.612,5.7
39.579,143.546,5.9
-19.091,168.672,6.6
44.683,148.909,6.2
12.702,122.247,5.8
-31.077,116.567,5.7
57.399,-154.058,6.0
-29.701,-69.397,6.0
-19.159,168.386,5.8
51.411,173.58,6.3
5.008,125.339,5.7
24.126,142.874,5.6
40.212,140.312,5.7
29.831,129.496,5.7
-22.13,126.691,6.0
37.3005,-116.5341667,5.54
0.288,119.364,6.7
-6.253,154.667,6.0
39.098,29.57,6.9
-17.07,168.634,6.6
6.754,126.451,6.8
-5.632,-80.2,5.7
-3.629,69.61,5.9
39.817,141.944,5.7
-20.277,-173.861,5.9
-20.666,-173.859,6.0
15.791,121.63,7.4
15.662,121.852,5.6
15.527,121.811,5.8
38.304,22.682,6.3
-13.863,166.821,5.9
15.457,121.723,6.5
45.106,149.24,5.7
13.067,-92.371,5.8
-27.595,-177.911,5.7
59.61,-142.594,6.1
-18.966,-173.545,5.8
15.136,122.064,6.9
15.263,122.063,5.7
15.164,122.443,5.6
-21.08,-174.311,5.8
-33.308,19.486,5.7
15.219,122.624,6.2
34.579,141.629,6.0
59.702,-142.683,6.7
59.804,-152.78,5.6
42.928,147.232,6.1
59.571,-142.807,5.9
38.972,29.753,6.1
38.944,29.747,6.0
-18.715,169.318,6.6
-9.971,119.065,5.8
-11.437,119.922,5.6
39.071,28.808,5.7
52.967,171.366,6.0
-8.044,156.373,5.8
-8.025,156.511,5.7
43.217,146.616,5.6
14.425,-92.847,6.6
14.52,-92.653,7.3
-55.288,-124.27,5.9
14.76,-93.413,5.8
14.545,-93.254,6.6
14.326,-93.373,6.0
14.635,-93.393,5.8
15.716,121.695,5.9
14.466,-93.312,5.8
14.499,-93.689,5.9
-6.816,125.34,5.6
-41.767,79.876,6.1
-4.317,151.837,6.2
18.586,145.303,6.1
-3.53,145.239,5.6
43.078,47.131,6.1
43.191,47.14,6.7
14.228,-92.83,5.8
50.224,91.118,6.3
-5.116,152.296,5.7
-55.801,-28.148,6.1
51.421,-178.606,5.8
-57.45,-26.041,5.8
27.236,140.23,7.1
40.256,143.043,5.9
40.139,143.117,6.2
40.267,143.095,6.0
43.873,147.061,5.6
-14.978,-173.427,6.0
-11.591,166.411,6.3
12.233,124.592,5.8
-9.183,-78.737,7.9
-9.975,-78.352,6.1
-10.258,-78.614,5.6
-9.302,-79.092,6.2
-10.169,-78.616,5.8
-10.206,-78.748,5.7
5.83,-82.627,5.8
-9.777,-78.772,5.7
-9.956,-78.536,6.4
42.51,78.691,6.3
63.322,146.147,5.7
52.161,159.499,5.6
-15.764,-172.872,5.9
44.859,149.53,6.0
-24.418,-68.413,6.6
-59.232,158.902,7.3
56.624,-152.225,5.6
-2.927,139.129,5.9
-52.028,-74.07,7.0
-54.476,-64.499,7.2
5.193,-82.682,5.8
-16.015,-71.724,6.0
-61.376,160.668,5.8
-22.261,-70.276,6.5
15.428,-45.907,6.2
55.031,-156.639,5.6
43.343,147.551,6.0
51.591,-131.325,5.8
51.692,-131.055,7.4
-7.833,158.804,6.2
-9.987,-78.634,5.7
4.131,126.215,5.6
-8.683,124.0,6.6
53.466,160.309,5.5
-21.678,-179.392,6.4
-9.197,-79.148,5.6
2.067,126.439,5.6
-10.125,-78.543,6.0
-51.015,139.266,6.1
7.382,126.84,5.8
17.901,-64.638,6.1
43.81,148.399,5.7
43.721,148.421,6.1
13.938,120.357,5.8
10.769,125.387,5.8
-19.006,-173.459,6.1
-22.137,-174.647,6.3
51.329,-178.508,6.1
-4.056,152.156,6.2
-15.834,-173.514,5.6
32.053,131.782,7.0
32.158,131.873,6.2
-37.881,177.546,6.3
39.802,77.679,6.0
25.977,95.34,7.0
37.733,55.885,6.7
14.248,51.995,6.6
-1.597,-72.532,8.0
-15.922,-173.823,5.7
-7.927,158.7,5.9
2.644,97.867,5.6
-9.241,-79.09,5.8
-17.853,-178.109,6.1
1.1,126.177,6.0
-13.856,166.677,6.4
-1.119,-13.887,6.3
-14.057,166.657,6.9
-60.571,-25.255,5.7
-13.909,166.651,6.0
-13.871,166.721,6.5
11.892,-86.63,6.5
12.022,-86.683,5.6
-8.991,117.933,5.8
4.521,123.113,5.9
60.538,-145.537,6.0
-10.526,161.549,5.8
-56.343,-142.65,6.4
18.051,120.486,5.9
-15.223,-173.298,6.0
15.374,-95.758,5.9
-4.668,153.137,6.5
-33.802,-179.615,5.9
51.03,135.347,5.6
52.19,159.409,5.8
52.301,151.613,7.3
17.717,147.629,6.6
-16.904,167.874,6.1
52.224,151.521,6.5
-50.206,-114.136,5.9
38.751,142.321,6.4
-34.023,-72.294,5.7
8.821,127.256,5.8
13.124,144.537,6.0
-33.516,-71.908,5.7
-6.45,154.61,6.4
-6.525,154.697,6.1
54.573,162.738,5.7
6.214,-77.488,6.6
6.239,-77.476,5.8
6.375,-77.438,6.5
-56.276,-27.421,5.7
53.251,158.82,5.6
-13.509,166.602,6.3
20.73,122.003,6.0
-6.821,155.007,6.0
-29.174,-176.753,5.6
-6.809,130.481,5.8
53.828,160.351,5.8
43.758,147.511,5.9
-3.457,86.146,6.3
-31.915,-177.896,6.3
-32.003,-178.011,6.5
-32.049,-177.898,6.2
-4.2,143.091,5.8
43.276,148.115,5.7
43.424,147.932,6.4
43.489,147.11,6.1
39.237,140.718,6.2
74.697,8.694,5.6
-36.36,-97.337,5.6
-36.533,-97.292,5.7
-13.666,66.374,5.8
9.131,93.926,6.4
79.744,2.675,5.7
-41.361,80.434,6.0
-4.999,145.396,6.9
-59.661,-26.54,5.9
61.981,-151.024,5.7
18.333,120.792,5.6
6.813,-82.609,5.8
18.477,120.837,5.6
9.066,126.421,6.1
-3.428,135.544,6.7
29.477,56.714,5.5
-31.958,-178.149,5.6
-5.135,145.077,6.3
-22.126,-69.957,5.8
12.081,123.863,6.5
12.708,143.227,5.8
22.78,121.349,6.2
-6.08,148.591,5.8
-1.019,126.814,5.6
35.29,-35.796,5.9
-21.723,175.408,5.7
-28.871,-112.701,6.0
28.15,142.61,5.6
43.411,146.997,5.9
2.199,128.322,5.6
15.045,120.047,5.8
18.35,146.034,5.6
47.328,152.556,5.6
-2.02,134.169,5.7
43.489,-128.038,5.9
24.336,122.426,5.7
-0.972,126.791,5.7
-21.092,-69.797,5.9
-21.019,-69.86,6.0
-4.164,142.904,6.0
-11.803,-13.97,6.4
-5.905,152.619,5.6
-10.974,163.362,6.2
51.289,-175.348,6.0
-15.589,-172.933,5.6
51.385,-175.389,5.7
-11.154,163.377,7.0
7.323,-76.025,5.7
-1.015,126.749,5.8
-23.222,-69.988,6.5
-6.4,129.995,5.8
-6.267,130.077,5.6
41.787,143.742,6.5
29.773,140.175,6.7
-30.838,-71.146,6.5
16.075,-99.531,5.7
-4.026,-80.542,7.2
52.887,-169.57,5.7
-4.093,-80.987,5.6
1.506,127.276,5.7
-4.104,-80.797,5.7
-20.812,-177.794,5.6
-1.436,-80.907,5.9
-14.381,167.383,5.8
5.975,-77.501,5.7
-56.167,-27.564,6.0
5.148,123.547,5.8
-1.542,99.885,6.2
-9.098,116.393,5.9
12.43,143.027,5.8
-9.203,116.46,5.6
15.92,-93.625,5.9
-0.394,-19.24,5.9
-5.242,153.52,6.6
-10.436,161.395,6.7
-3.974,-81.02,5.9
1.433,99.069,5.6
-4.19,141.183,6.0
-55.918,-2.668,7.1
-29.644,-111.835,5.7
34.53,137.151,5.8
36.374,141.231,5.6
52.282,-173.241,5.8
47.341,154.247,6.2
-3.184,139.722,7.7
-3.078,139.674,6.6
-3.337,139.757,6.0
-3.2,139.784,6.0
-3.5,140.095,6.2
-3.281,139.89,5.8
-3.106,139.594,5.9
-3.261,139.993,6.0
-3.298,139.834,5.7
9.829,138.284,5.8
-3.39,139.993,5.9
-3.092,139.575,5.9
-3.035,139.737,5.9
-56.037,-27.657,5.9
1.058,125.843,5.7
41.611,142.75,5.5
1.054,125.855,5.5
23.757,-108.692,6.0
8.759,-79.18,5.8
-6.827,147.605,5.7
-17.229,-69.226,5.5
-7.893,122.684,5.6
-9.701,151.421,6.2
51.483,-177.846,6.4
51.727,-174.979,5.7
1.645,126.416,5.6
51.604,151.009,6.9
51.557,-173.044,6.1
-21.258,-175.433,5.6
17.914,147.046,5.6
0.653,98.711,7.0
51.62,-131.133,5.9
-49.935,-115.51,5.9
2.236,126.828,5.9
47.019,154.145,5.8
51.409,-176.974,7.0
51.145,-177.086,5.9
51.162,-176.975,5.6
-63.398,-61.377,7.0
34.416,-118.37,6.6
34.416,-118.37,5.8
34.416,-118.37,5.8
-6.369,146.457,5.8
1.393,121.187,5.5
-6.127,146.248,5.7
36.565,55.762,5.8
-25.204,178.405,6.5
24.112,122.238,5.8
-36.775,-73.276,5.7
-23.804,-67.151,6.9
39.639,27.379,5.6
5.89,126.715,5.8
37.159,138.374,5.6
3.274,95.86,5.7
-10.452,161.423,6.0
48.241,153.104,5.8
30.461,138.498,5.9
-18.282,173.655,6.1
-5.775,145.393,6.6
50.396,-130.358,6.2
41.732,143.881,5.7
-15.545,167.632,5.6
-10.968,163.705,6.4
8.417,127.216,6.1
-3.24,139.84,5.7
16.954,-95.288,5.5
2.218,126.753,5.6
-1.328,-13.648,5.8
37.292,142.109,5.5
-23.024,-176.147,6.3
70.974,-6.978,6.2
41.52,79.325,6.2
41.419,79.243,5.8
-5.327,151.558,5.7
35.448,98.137,6.0
38.467,142.257,5.7
60.2,-141.059,5.6
52.488,-174.473,5.9
11.941,95.112,6.3
-9.583,124.538,5.8
51.178,-177.41,5.6
8.981,125.646,5.7
8.9,125.657,5.7
9.022,125.597,5.5
32.158,95.042,5.8
-56.344,-122.622,6.5
38.393,142.239,6.1
-0.237,124.735,5.7
53.175,-170.528,6.1
42.383,145.095,5.5
-22.089,-179.525,6.1
-23.801,179.279,5.5
2.514,129.106,6.6
-32.437,-69.016,5.6
-4.33,102.285,7.0
44.461,139.019,5.6
-21.189,-178.68,5.8
28.363,55.737,6.1
-15.958,-173.785,5.5
-17.808,-178.674,5.5
27.565,-112.528,5.6
-6.356,154.744,5.9
-0.27,-91.659,5.8
-21.864,-68.949,5.7
4.714,126.517,5.7
-24.498,-175.988,5.7
22.917,101.101,6.4
18.061,120.679,5.5
12.704,122.3,6.0
-22.268,171.686,5.8
51.396,-177.318,7.0
30.739,84.443,5.5
-11.151,161.882,6.0
-6.564,105.407,6.4
-2.751,119.69,6.0
-42.229,-71.793,6.0
-39.811,-104.833,6.6
-39.727,-105.148,5.6
-39.713,-105.284,5.5
35.512,71.16,5.7
7.981,126.908,5.8
22.3,121.097,5.6
37.585,29.784,6.2
37.552,29.678,5.6
37.503,29.696,5.7
27.825,142.034,5.6
-1.671,-77.66,6.7
-29.761,178.899,5.6
-28.393,-68.778,6.0
63.952,145.965,7.0
2.302,129.074,5.5
52.164,-173.313,5.7
52.368,-173.088,5.6
38.934,40.653,6.9
32.299,92.1,5.6
39.032,29.778,5.9
31.377,131.407,6.1
-24.835,-179.036,5.6
35.613,58.307,5.7
31.329,131.445,6.2
14.683,-91.383,5.6
31.327,131.413,6.0
25.264,96.389,6.3
72.241,1.21,5.8
25.266,96.505,6.1
9.304,92.497,5.5
6.031,126.068,5.7
9.382,-84.245,5.7
-10.875,-76.006,5.7
52.15,-170.586,5.5
41.087,138.549,6.0
-4.178,-80.715,5.8
17.907,-69.825,6.5
51.595,175.868,6.8
36.294,140.986,5.7
56.206,123.727,6.0
41.463,79.447,5.7
41.546,79.408,6.0
-25.375,-68.938,6.3
23.598,123.736,5.6
-5.141,96.852,6.4
-25.23,178.556,5.5
-24.148,-68.688,5.6
-6.358,130.159,5.9
12.36,123.899,6.1
-8.39,111.361,5.6
-23.434,-179.73,5.6
-24.136,-68.899,5.5
15.605,121.767,5.8
-7.071,129.653,6.2
-32.601,-71.076,7.8
-5.977,154.39,5.9
-6.086,154.578,5.9
-32.287,-71.778,6.4
51.923,173.191,5.5
-5.524,153.85,8.0
-5.036,153.545,5.8
-5.675,153.885,6.0
-5.681,154.153,5.6
-5.284,153.233,6.1
-5.232,153.188,5.5
-5.203,153.232,6.5
2.592,129.189,5.6
-25.223,178.581,5.5
7.045,94.66,6.2
26.469,93.127,5.5
-21.525,-68.318,5.6
-4.869,153.288,6.6
-5.754,153.868,7.0
-4.89,144.508,5.9
-5.567,150.562,6.3
24.303,122.411,5.5
15.314,120.169,5.8
-19.712,177.438,5.9
-5.728,153.884,5.7
-5.87,154.174,5.8
35.518,138.976,5.6
12.439,123.691,6.4
-6.021,129.901,5.6
52.115,172.953,6.4
-4.817,153.172,8.1
39.821,77.223,6.0
-5.275,152.235,6.6
-5.116,152.282,7.0
-5.46,152.802,6.0
-5.577,152.226,6.1
-5.8,151.493,5.9
-6.045,151.936,5.5
-5.378,151.572,5.8
-5.662,151.41,6.3
-5.972,151.499,5.8
-5.246,153.072,5.9
-5.857,151.359,6.0
-5.35,152.256,5.7
-2.839,-77.322,7.4
-5.813,151.604,5.8
13.595,95.874,5.9
-5.651,151.498,5.6
-5.283,152.88,6.6
-6.128,151.069,5.5
-5.127,152.864,6.5
-5.544,152.552,5.8
51.938,173.257,5.6
1.739,127.146,5.6
-4.61,152.966,5.8
-6.037,151.508,5.7
-32.513,-71.619,5.7
-5.515,152.532,5.9
41.415,143.416,7.1
1.612,126.489,5.6
41.424,143.473,5.5
36.412,70.808,5.9
-0.773,-22.082,6.9
-13.942,167.164,5.6
36.337,52.841,5.6
-5.964,154.282,6.5
-5.651,152.174,6.3
-5.711,152.113,5.7
-5.385,153.499,6.0
1.172,126.154,5.5
-62.806,155.55,6.2
12.447,95.084,5.5
19.596,-106.066,5.8
-6.022,154.114,6.2
-14.762,167.216,5.6
-15.751,-178.376,6.6
-15.547,-178.289,6.5
-21.735,-67.227,5.9
28.845,103.693,5.7
28.861,103.734,5.8
28.791,103.595,5.6
-15.555,-173.264,5.6
23.991,121.913,6.3
49.286,155.441,6.4
13.292,-92.404,6.0
-21.841,-70.519,5.7
-3.974,145.924,6.5
45.658,150.902,6.2
52.197,91.47,5.8
-55.902,-26.159,5.8
-19.013,-174.584,5.5
28.332,130.765,5.8
6.308,127.377,5.6
-10.98,166.233,5.6
-24.441,-175.082,5.6
54.971,-163.325,5.9
46.505,141.199,7.3
46.349,141.229,5.7
46.362,141.164,5.7
46.756,141.524,6.1
46.692,141.449,5.7
37.165,141.565,5.6
46.399,141.18,6.8
46.264,141.07,6.5
-6.536,130.71,5.7
44.527,150.728,6.2
-20.413,-174.265,6.0
-26.81,-177.161,6.0
17.876,-69.606,5.5
-7.291,156.061,6.0
22.789,100.764,5.5
-6.402,151.519,6.3
39.11,143.525,6.0
-5.912,130.603,7.0
37.326,138.748,5.5
14.815,-93.829,5.9
53.699,-164.778,5.5
39.345,143.37,6.4
-16.554,-73.614,5.8
-6.516,146.636,6.8
-32.475,-73.076,5.7
-56.628,-27.393,5.8
3.194,125.822,5.6
0.072,124.822,5.8
-5.822,145.452,5.7
46.347,141.144,6.6
-3.227,148.324,6.2
-8.888,157.449,5.6
-32.046,-70.007,5.8
26.816,-110.834,6.5
-0.514,-4.956,5.8
61.662,140.259,6.0
-4.34,152.906,6.0
-6.548,154.964,6.0
-14.571,171.68,6.7
-5.931,154.136,6.8
-6.851,144.293,5.5
-18.053,-178.211,5.7
43.045,143.912,5.5
24.903,121.987,5.6
15.888,-91.004,5.7
51.727,-179.522,5.5
-21.936,-68.332,5.8
-54.276,2.317,6.6
-14.266,-73.392,5.5
-5.993,154.403,6.2
-3.467,127.154,5.6
-22.679,171.284,6.1
52.621,-166.845,5.8
21.967,121.388,5.8
24.885,125.24,5.5
-54.798,146.364,6.3
11.909,142.531,6.6
-57.32,-25.523,5.7
11.929,142.405,6.5
11.85,142.422,6.2
-13.062,166.393,6.4
11.866,142.632,5.7
17.535,120.134,5.5
-15.582,167.246,6.8
-13.342,166.392,5.7
-5.627,153.887,6.1
-13.384,166.429,6.7
49.877,154.968,5.7
32.109,137.825,5.7
23.024,121.404,6.2
10.142,92.987,5.7
-2.006,100.126,5.6
-4.544,-105.609,5.9
26.978,54.519,6.2
5.737,126.433,5.6
-2.682,136.511,5.8
38.404,66.639,5.6
-23.449,-179.857,6.5
48.714,-129.651,5.8
-11.857,166.557,7.1
-11.926,166.568,6.1
52.253,174.231,6.1
0.105,123.995,6.0
46.598,152.641,5.5
52.803,159.199,7.3
29.203,130.293,5.6
-29.98,-69.428,5.9
-11.288,-77.715,5.8
44.889,153.314,6.6
-6.12,154.597,6.3
7.942,126.59,5.5
49.452,-129.853,6.0
-54.438,5.837,6.2
3.74,127.991,5.8
55.048,-54.437,5.5
49.125,-128.817,5.6
-22.805,-70.371,6.1
27.275,56.441,5.8
-21.648,173.42,6.0
1.761,127.32,5.6
-6.151,154.577,6.5
55.959,163.269,7.6
55.838,163.664,5.6
55.804,163.453,5.6
55.474,163.657,6.3
55.602,163.045,5.8
56.005,162.83,5.5
50.643,-174.989,5.6
-6.245,154.889,5.8
-19.863,-175.727,5.9
25.206,94.708,5.7
-4.789,151.804,6.0
6.125,123.288,5.7
-17.021,174.903,6.8
15.978,-98.335,5.8
51.095,178.905,5.8
22.638,122.067,6.9
-0.061,125.012,5.7
-4.611,151.819,6.1
-2.184,138.951,6.0
-18.897,-173.206,5.6
20.981,120.28,6.7
20.893,120.308,5.8
-55.692,-28.876,6.0
-6.833,-71.847,6.4
37.636,75.014,5.7
61.888,147.0,5.9
-18.296,-174.605,5.9
40.182,78.92,6.2
54.655,161.506,5.7
-4.866,144.966,6.6
-4.718,144.905,6.6
36.374,70.83,6.2
-6.751,-71.902,6.1
13.973,-91.128,5.8
-20.435,172.94,6.3
-13.248,166.407,7.0
-13.144,166.406,6.1
-26.19,-177.183,5.7
22.632,122.269,7.3
23.107,121.974,7.1
-2.543,102.535,5.5
-20.113,-178.892,6.5
-19.415,169.22,6.3
20.963,120.063,5.7
-9.769,160.165,5.8
-4.62,151.803,5.6
-22.821,-68.845,5.6
12.535,141.896,5.8
8.484,-83.996,5.8
19.319,122.067,6.1
-51.852,-73.917,6.0
-15.448,-173.252,6.0
-55.829,-26.999,5.9
0.932,-28.534,5.8
-11.481,166.339,7.4
-17.66,-71.212,5.8
-11.347,166.261,5.6
-6.102,151.856,5.6
-11.123,162.917,5.5
44.635,149.084,5.6
29.328,-113.68,5.8
55.888,-158.337,5.8
-15.428,-172.681,5.8
55.846,-158.214,5.5
-60.759,-25.668,6.3
50.462,97.207,5.7
33.453,140.929,7.2
33.502,141.092,6.0
-18.995,-173.662,6.0
40.535,-125.444,5.9
-24.796,-70.094,5.7
33.508,141.054,5.9
-21.888,-179.329,5.6
50.069,148.883,5.7
-28.277,-178.169,6.6
-3.795,131.384,5.9
33.358,141.105,5.6
39.217,29.517,5.7
51.588,176.679,5.5
-24.785,-179.529,5.7
33.624,141.427,5.8
40.872,141.975,6.2
-6.855,-76.726,6.4
51.277,-179.233,5.9
49.92,-176.209,5.5
49.019,153.582,6.8
-21.241,-174.279,5.9
-15.507,-172.723,5.7
56.108,-157.254,6.4
7.092,123.643,5.7
48.066,153.087,6.0
-22.005,-174.378,5.7
-3.557,150.166,6.5
43.269,146.008,6.3
-17.855,-178.48,5.5
-30.834,-179.828,5.7
-25.758,179.665,7.2
-29.765,-71.438,5.8
-55.247,-29.108,6.1
-49.389,164.032,6.4
-16.118,-173.029,6.0
-16.028,-172.767,5.6
-13.102,166.214,6.7
54.238,-35.118,5.7
-7.432,125.544,6.8
-57.842,-26.72,5.5
8.026,-38.911,5.6
42.477,-126.542,5.6
42.104,84.609,5.7
28.415,52.765,6.6
0.922,-28.28,6.6
-19.394,-174.728,5.5
24.171,122.543,6.3
53.987,-166.919,5.9
-15.311,-173.463,6.0
-5.609,104.103,5.7
-31.464,-111.174,6.3
-21.4,-179.243,5.7
23.564,121.539,7.0
23.736,121.59,5.6
13.402,120.275,7.5
-18.159,173.06,5.8
13.603,120.634,6.0
24.043,122.425,5.6
-5.154,154.191,7.2
-6.544,155.05,5.6
13.557,120.422,6.0
5.544,124.622,5.6
5.203,-100.228,6.1
33.581,141.217,5.6
-10.7,113.625,5.6
-15.963,167.538,6.9
35.182,23.55,6.3
23.065,121.382,5.6
-4.255,152.618,6.6
-4.925,153.841,5.6
-53.742,-134.352,6.3
-1.21,138.306,5.7
-19.55,-176.118,5.6
-17.788,-178.744,6.0
-3.866,150.246,5.8
-0.313,122.28,5.8
42.789,144.678,5.7
-27.825,-178.88,5.9
24.537,121.624,5.7
-32.156,-178.452,5.7
-32.76,-71.736,5.6
-0.039,122.874,5.6
-23.633,-179.991,5.8
-29.785,-69.686,5.5
13.393,120.036,6.2
-15.988,-73.92,5.5
16.552,122.189,6.9
-17.76,-175.066,7.1
-22.277,171.351,6.0
13.21,120.297,5.5
54.865,156.385,5.9
-10.973,116.987,6.3
3.616,96.755,5.6
51.341,-178.26,5.5
32.853,-39.776,5.7
2.505,128.229,6.0
-7.278,126.684,5.6
21.085,120.207,5.7
-22.538,-66.13,5.7
-30.466,-71.699,6.7
-21.297,-173.921,5.7
3.752,124.221,7.7
-5.55,147.074,5.7
-12.419,167.048,5.5
5.196,-78.195,5.8
33.023,46.184,5.6
53.337,-166.87,6.2
-29.764,-177.282,5.8
42.282,143.224,5.6
31.934,131.882,6.0
36.278,69.681,6.3
1.476,127.57,5.8
51.858,156.162,5.8
27.643,33.815,5.6
-17.934,-178.393,5.5
30.051,50.889,5.6
18.747,145.112,5.7
5.794,125.865,5.6
38.529,142.15,5.7
9.379,122.536,6.0
49.366,-127.517,5.9
11.856,126.21,5.6
36.382,71.433,5.9
16.209,-97.063,5.6
-6.064,153.099,5.6
-20.809,-178.676,5.6
-35.1,-179.985,5.8
-3.136,100.89,6.0
-21.932,-175.973,5.7
31.356,91.444,5.9
50.078,-129.51,6.5
-21.488,-176.281,5.7
0.119,123.445,6.2
49.105,156.123,5.5
-4.54,152.276,6.0
-4.617,152.32,6.0
56.724,-135.853,7.6
-5.877,130.525,5.9
30.681,141.893,5.9
30.705,141.801,5.9
-4.119,102.28,5.6
2.394,127.543,6.3
-26.312,-177.506,5.5
55.889,163.271,6.1
51.128,-178.19,6.4
51.033,-178.183,5.6
51.072,-177.954,5.6
56.118,-135.529,5.9
49.149,155.928,6.6
-11.2,162.001,6.1
-11.048,161.945,6.1
-11.082,162.181,6.0
25.031,61.278,5.7
-11.093,162.139,6.3
-11.16,162.173,5.7
-16.646,-171.974,6.1
-19.052,169.118,5.6
-21.396,-174.371,5.6
51.277,-179.255,5.9
4.952,-82.706,5.9
-51.974,-74.095,5.8
1.71,126.324,5.6
-6.365,144.475,5.6
56.264,-135.604,5.8
-6.05,152.932,7.5
-6.098,152.691,6.1
1.342,126.939,5.7
38.721,140.039,5.6
49.486,147.053,6.2
-5.826,152.986,5.8
58.231,-153.519,5.7
1.787,127.302,5.7
-25.002,136.348,5.7
51.218,-179.27,5.6
-21.341,-174.243,6.1
-20.188,-175.067,5.7
-3.513,144.934,6.5
36.62,96.562,5.5
35.926,136.762,5.8
52.348,95.479,5.5
-15.012,167.399,6.0
29.44,130.5,6.2
-5.577,151.182,6.2
35.919,73.416,6.2
35.921,73.347,5.8
35.941,73.387,6.0
-11.772,166.319,6.5
-3.847,-80.741,5.5
-6.938,129.69,5.9
1.987,128.22,6.3
-19.957,169.136,6.3
-2.036,68.091,5.6
-6.349,148.423,5.8
-5.754,130.547,5.8
71.467,-10.375,6.0
-15.429,-175.553,6.2
-20.248,168.745,6.3
-3.551,149.92,5.6
-3.52,149.909,5.7
-3.296,130.685,6.1
37.99,22.485,6.1
-20.359,168.987,6.4
-20.384,168.841,5.7
-20.521,168.837,5.6
-20.393,168.628,5.8
15.216,-96.327,6.0
2.215,128.225,5.7
-10.543,161.363,5.6
38.347,20.307,6.5
35.926,73.4,5.6
-9.892,119.634,5.6
19.471,-70.26,6.1
-5.793,148.155,5.8
-19.333,-173.667,5.5
2.948,96.091,5.5
-16.633,-174.33,5.7
-0.101,122.931,5.6
22.413,121.123,6.3
22.315,121.091,6.4
-6.305,131.116,6.8
-6.21,131.164,5.5
-30.957,-68.208,6.0
-16.695,-171.996,6.2
-21.208,-174.476,5.9
7.478,123.809,5.9
-33.962,-70.897,5.5
47.273,154.144,5.5
-6.112,149.814,6.3
-4.573,153.101,5.7
-20.095,-68.708,5.7
35.907,73.372,5.5
-0.706,121.647,5.5
1.793,127.431,6.1
52.811,-163.122,5.9
48.321,148.862,5.6
-33.01,-178.412,5.9
-32.993,-178.315,5.5
-22.167,171.479,6.0
-10.387,120.478,5.9
-8.544,124.855,5.9
20.689,-29.738,6.0
18.827,-106.788,6.7
63.126,-150.968,5.5
13.73,147.135,5.6
70.992,-6.533,5.6
27.393,128.535,5.6
-14.342,167.249,5.5
-19.986,168.97,6.3
2.647,128.708,5.7
-7.308,146.808,6.3
-15.204,167.553,5.9
33.141,137.95,5.5
-6.323,154.822,6.3
41.447,142.998,5.5
-6.383,131.189,5.8
-20.122,168.949,7.0
-19.57,169.41,5.5
-19.181,-69.108,5.5
-20.037,169.124,6.4
-4.867,144.548,5.8
-8.234,112.212,6.0
-9.624,122.185,6.1
-5.426,146.669,5.8
-28.89,-67.222,5.6
23.941,121.541,5.6
-20.969,-178.984,5.9
-19.621,169.471,5.8
23.898,121.562,6.1
44.393,147.432,5.9
12.322,144.407,5.6
38.358,73.176,6.2
15.612,-95.036,6.6
27.952,140.217,5.8
-48.93,123.518,5.9
35.648,69.853,5.9
13.061,-88.601,5.7
80.465,-2.831,5.7
16.871,145.963,5.5
23.953,121.657,5.8
52.473,173.431,5.7
-15.361,167.252,5.9
-15.637,-172.922,5.6
80.259,-2.633,5.7
-22.178,-179.492,5.7
-24.371,-174.901,5.7
20.156,121.495,5.8
0.539,126.162,5.6
-5.339,126.556,6.3
0.448,126.213,5.8
6.405,126.64,8.0
6.343,126.626,5.7
6.148,127.492,6.0
5.609,127.202,6.1
6.069,126.967,5.6
5.726,127.106,5.9
33.362,140.827,7.4
33.273,141.056,5.6
-1.535,136.657,6.0
-1.592,136.656,5.7
-1.515,136.627,5.9
-2.91,139.084,5.9
-9.207,67.351,5.8
-2.989,139.08,6.0
3.629,128.51,5.6
-1.886,99.637,5.8
5.671,127.134,5.6
-1.905,99.637,6.1
5.606,127.188,5.5
5.664,127.292,5.9
15.128,-45.15,6.2
44.672,149.289,6.1
12.404,144.108,5.8
44.126,150.973,5.8
6.654,126.525,5.7
-1.297,89.325,5.5
-7.04,155.8,5.9
44.639,149.276,6.4
-5.59,153.244,5.7
-16.64,28.017,5.6
-22.173,-179.624,5.6
-1.812,99.678,5.9
-6.134,148.846,5.8
-21.817,-179.423,5.5
-55.532,-28.344,6.5
-16.119,-172.48,6.0
12.184,-86.223,6.3
-14.593,167.793,5.8
52.927,159.39,5.7
51.633,-176.308,5.5
-21.569,169.912,6.0
5.648,127.135,6.0
34.732,70.396,5.6
-55.494,-28.205,5.7
-30.578,-71.151,6.1
-35.513,-16.211,6.0
-9.854,117.427,5.5
-27.716,-63.261,5.6
39.114,71.889,5.5
-38.997,175.232,6.2
-14.665,166.384,6.1
-11.096,162.279,5.8
-11.187,162.251,5.9
-54.358,5.297,5.7
-54.408,5.357,5.7
27.081,140.103,5.8
-3.528,135.474,5.5
-15.127,-175.008,5.7
-6.868,149.993,6.8
29.284,68.571,5.6
-15.857,-174.055,5.5
18.601,-104.967,6.1
-12.091,166.499,5.8
0.376,122.224,5.6
-0.115,123.931,6.0
-19.847,169.029,5.7
18.481,-102.996,7.5
28.206,139.227,6.0
-22.655,-66.195,6.1
-55.654,-26.774,5.6
27.874,127.69,5.7
31.398,100.581,7.4
-55.909,-27.844,5.7
31.46,100.286,5.8
-45.475,96.288,6.1
18.886,-103.545,5.6
49.899,156.084,5.5
4.553,125.703,5.5
-17.517,-178.501,5.5
22.288,121.55,5.9
-9.934,160.932,5.9
-5.358,126.746,5.7
-30.387,-177.509,6.3
-15.307,-173.322,5.8
49.835,78.232,5.6
-6.076,148.613,5.5
16.951,-61.419,5.5
-7.31,128.358,5.5
-36.694,-17.203,5.6
-30.233,-177.611,5.7
-45.538,35.134,5.6
-62.496,166.269,5.7
58.307,-149.81,5.5
-2.088,-78.21,5.7
-19.194,168.74,6.0
-61.037,-37.881,6.4
-1.696,99.68,5.9
50.486,156.584,7.2
50.078,156.936,5.5
-0.211,124.393,5.5
49.884,157.295,5.5
50.439,156.278,5.5
-55.322,-28.582,5.5
54.828,161.599,6.1
-33.489,-179.635,5.6
-23.024,-175.592,5.6
6.274,127.336,6.0
-34.131,150.266,5.5
-15.184,-173.524,5.6
41.589,142.012,5.5
50.101,156.744,5.7
4.175,126.491,5.5
50.835,157.103,6.1
-5.448,154.209,5.5
-62.473,165.272,5.8
-5.315,152.154,5.8
2.091,126.643,6.3
2.013,126.552,5.5
2.058,126.396,5.6
-19.376,169.359,6.0
13.372,122.787,7.0
-5.193,103.235,5.7
2.033,126.58,6.5
-53.23,159.213,5.5
52.835,173.773,5.8
-23.175,-66.293,5.6
-8.267,117.381,5.7
-22.759,170.245,5.5
51.301,174.217,5.9
29.273,130.414,5.9
4.19,126.832,5.6
31.719,139.304,5.6
-41.373,174.487,5.7
25.89,-109.878,5.5
23.415,123.957,6.0
-28.049,-68.942,5.7
52.576,172.872,5.6
-4.528,141.815,5.5
23.338,123.757,6.0
-59.918,-31.282,5.5
11.663,43.035,5.9
4.691,-75.628,6.2
43.608,147.709,5.6
43.674,147.755,5.8
6.966,91.384,6.6
-58.302,-13.394,6.7
-20.666,-69.187,5.6
-15.779,167.218,6.4
-23.876,-177.044,5.5
46.998,152.294,5.6
-9.784,119.303,5.8
-0.832,127.54,5.6
50.893,157.443,6.1
10.679,-84.759,6.5
-20.613,-178.825,5.5
51.123,-178.829,5.5
-4.439,134.03,6.4
50.813,157.548,5.6
-42.264,173.046,5.5
5.162,-75.813,5.5
7.27,-82.343,5.5
4.956,-78.144,6.5
-65.543,179.33,5.7
33.394,140.745,5.7
-59.281,-26.097,6.0
19.933,-155.1,6.1
-1.438,-79.875,5.5
0.363,125.243,5.5
-10.016,150.176,5.9
-9.983,150.183,5.6
-46.102,73.202,5.5
2.281,126.715,5.9
-1.468,99.851,5.9
-16.625,-176.955,5.5
-3.243,101.24,5.5
-3.937,152.059,5.6
-3.73,152.077,5.9
44.062,148.223,5.5
-16.646,175.866,5.8
-3.004,140.101,5.7
41.025,82.195,5.5
33.144,140.671,5.5
-6.225,151.823,5.8
-10.011,150.316,5.5
51.372,-179.743,5.8
-18.125,65.293,5.9
51.685,176.239,5.7
54.011,-163.76,6.0
-2.26,-78.523,5.7
24.281,93.548,5.9
-47.796,99.661,6.3
44.103,83.55,5.8
-17.192,167.814,6.1
37.245,-116.346,5.64
-53.93,159.398,5.8
14.277,-92.008,5.5
14.183,-91.899,5.7
-17.467,167.736,5.5
-10.294,161.362,6.3
53.693,161.594,6.0
46.973,150.989,5.5
-20.043,169.694,5.5
-40.544,173.906,5.5
-19.184,169.665,5.7
-7.291,120.385,5.8
-10.19,120.53,5.6
53.529,161.495,5.9
51.304,-179.392,5.8
53.564,161.551,5.5
-25.916,-177.411,5.6
44.98,-125.774,5.6
43.233,145.785,7.7
42.996,146.409,5.9
42.916,145.569,5.5
42.619,146.446,5.5
43.069,145.375,5.6
42.952,146.657,5.5
42.964,146.48,5.7
42.683,146.337,5.6
42.706,146.041,6.0
42.601,146.383,5.7
42.498,145.969,5.8
42.715,146.035,5.6
8.132,137.334,5.8
-28.518,-176.761,5.6
42.941,146.339,5.5
-21.166,-174.263,5.5
43.182,147.33,5.5
51.875,-176.9,5.5
43.318,146.442,7.1
43.2,146.79,5.8
43.302,146.815,5.5
43.125,146.574,5.8
21.013,143.14,5.5
19.105,121.153,5.7
0.95,125.99,5.7
43.018,147.11,5.8
43.175,146.56,6.6
42.847,146.739,5.5
-12.792,166.685,5.5
21.112,143.107,5.7
43.402,145.801,5.9
57.84,-137.33,6.7
19.104,-101.833,5.6
12.271,125.433,6.0
12.205,125.33,6.5
57.98,-138.021,6.0
-53.156,22.692,5.8
43.988,147.849,5.5
13.225,124.699,6.0
-27.235,-71.142,5.6
-19.077,168.821,5.6
6.79,-72.982,5.7
10.686,92.583,5.7
-27.037,-71.04,5.5
-6.064,153.764,5.7
-27.075,-71.225,5.5
35.178,86.481,6.9
35.256,86.602,5.9
-10.246,117.107,5.5
17.323,-100.679,5.7
-18.35,-69.196,5.7
-18.102,-178.277,5.8
-15.792,168.21,5.5
-1.018,136.35,5.5
36.406,140.951,5.8
-24.813,-179.22,5.9
49.986,78.853,6.3
-30.526,-71.601,5.6
-8.684,160.725,5.5
-52.801,140.04,5.6
-8.974,106.932,5.5
-15.538,-173.09,5.6
22.131,121.475,5.6
50.478,148.849,5.5
-16.063,-71.312,5.7
-14.327,-72.128,5.5
-37.65,-73.379,5.5
-27.118,-71.514,6.3
-8.767,160.991,6.0
-14.264,167.274,6.1
-26.825,-70.999,5.7
1.994,126.72,5.6
-22.812,-70.222,5.5
-16.231,-173.11,6.1
-26.781,-70.879,6.1
-54.351,-136.55,6.1
-26.735,-70.896,5.9
-26.829,-70.919,6.3
-58.323,-24.983,5.5
0.326,125.258,5.7
43.446,146.433,6.0
-56.273,147.417,5.9
32.995,104.015,6.1
-4.471,144.042,6.0
-26.628,-70.82,5.7
23.052,101.11,6.4
33.081,86.877,5.5
51.287,-176.644,5.8
51.449,-176.626,5.6
11.511,121.389,6.1
45.735,26.477,5.6
-1.956,139.306,5.7
-32.791,-179.208,6.0
57.067,-154.101,5.9
-5.378,151.491,5.7
37.211,142.126,5.7
-7.194,156.035,5.8
10.607,138.423,5.8
25.78,129.532,5.6
-15.988,168.102,5.7
18.267,-96.598,6.8
-0.189,-18.027,6.8
-47.369,165.741,5.6
-37.314,179.449,5.8
7.345,-72.832,5.7
7.103,84.307,5.9
40.657,139.552,5.6
39.488,143.111,5.8
61.039,-146.828,5.5
-5.622,151.504,5.5
-5.548,151.105,5.6
33.243,86.749,5.5
-8.341,-74.178,5.6
31.65,100.013,5.5
39.536,143.137,5.9
42.453,130.907,6.0
-3.422,68.125,5.5
25.645,124.509,5.8
73.302,55.161,6.8
9.159,126.135,5.8
5.23,-78.034,5.6
-17.32,-174.343,5.5
-7.034,-76.138,5.8
-54.518,-132.624,6.4
9.048,123.789,6.0
-4.387,-102.003,6.1
-4.364,-101.939,6.0
-26.12,178.282,5.6
26.582,-44.669,5.9
26.526,-44.553,5.6
10.348,125.293,5.7
9.822,126.558,5.6
-52.329,160.669,5.6
-54.849,145.849,6.3
-55.359,146.254,5.5
70.756,53.872,6.0
71.541,-12.098,5.6
13.244,50.722,5.5
41.891,130.871,6.5
-1.228,136.4,5.5
35.606,140.447,5.9
35.716,140.561,5.6
-8.745,115.36,5.6
27.557,-112.419,5.5
-13.548,166.637,5.6
-32.987,-71.916,6.5
-32.518,-71.478,6.7
-32.937,-71.877,5.6
-60.823,-21.549,7.0
-14.233,167.228,6.4
0.636,-29.514,6.3
36.369,71.16,5.5
19.379,-104.975,6.0
-54.747,158.511,5.8
13.797,120.239,5.6
-21.985,-63.656,6.1
70.779,54.177,6.9
-33.042,-179.151,5.5
-2.979,139.268,5.7
-24.164,-176.351,5.7
-26.075,-67.77,5.9
-6.029,124.686,5.5
38.896,20.441,5.8
-24.286,179.171,5.5
-5.93,152.422,5.5
-23.794,179.138,5.5
51.619,-175.404,6.4
51.579,-175.247,6.3
50.052,156.309,6.1
85.992,30.825,5.7
52.444,178.353,5.6
-3.967,-80.971,5.6
49.975,156.356,6.0
30.573,52.887,5.5
-6.153,154.459,5.9
38.622,142.15,5.5
-18.275,-178.133,5.6
-1.374,-15.791,5.5
-51.183,139.528,5.8
-1.599,69.833,5.5
-24.675,-64.599,5.9
38.911,141.91,6.1
-28.463,-70.853,5.7
46.126,151.447,5.6
33.82,135.451,5.7
33.82,135.378,5.7
-55.724,-28.256,5.9
53.648,160.532,5.9
-41.861,42.77,5.9
-3.043,122.582,5.7
-3.486,145.948,5.7
35.181,23.797,5.7
-55.741,-28.275,5.8
-19.401,168.895,5.5
-55.636,-28.195,5.6
-15.198,167.391,6.0
1.257,125.927,5.5
-6.264,154.11,5.5
-35.588,-74.481,5.9
43.1,146.935,5.9
43.157,146.865,5.9
-55.664,-28.244,5.5
52.283,-168.735,5.6
-55.672,-28.092,5.5
-0.245,98.399,5.7
-11.128,165.498,5.5
-19.912,169.751,6.8
-19.772,169.884,6.3
-55.593,-27.809,5.5
13.676,146.382,5.5
50.036,79.011,6.0
