35.321,-1.281,5.6
-0.625,-91.882,5.7
-56.211,146.723,6.3
-56.369,147.056,6.1
-6.13,-75.271,5.5
-27.992,-176.792,5.8
5.609,-82.645,6.2
1.674,128.288,5.7
-11.15,165.543,5.9
18.244,-101.432,5.9
-10.86,165.354,6.9
-10.98,165.251,5.9
-11.21,165.321,5.7
-10.938,165.258,5.7
-11.165,165.33,6.2
47.579,154.508,5.6
37.269,134.664,5.6
-60.722,153.67,6.0
-17.943,-178.476,5.5
51.447,-175.558,5.8
-20.771,-174.236,5.8
-20.964,-174.097,5.6
-11.371,165.378,6.1
-11.462,165.413,5.5
32.222,92.7,5.5
-56.103,-58.442,5.6
-9.195,109.592,5.8
58.04,-136.87,6.1
16.095,119.484,6.2
-54.326,-55.126,5.5
-9.805,159.811,6.4
-6.746,105.646,5.6
-23.169,-70.122,6.4
-16.925,-174.248,7.2
-2.476,140.35,5.5
-18.823,174.37,6.5
27.35,139.979,5.7
-17.61,-178.742,6.2
-15.285,-173.525,5.5
25.591,101.164,5.5
25.607,101.063,5.9
-6.345,148.43,5.8
-21.216,-179.255,6.0
-30.238,-178.133,5.9
-11.656,166.317,5.7
-11.593,166.301,5.8
6.785,-71.971,5.6
-14.512,-177.596,5.8
-14.319,-177.675,5.5
36.372,70.379,6.0
-28.227,-176.563,5.8
-6.261,147.555,5.5
56.618,-161.869,5.8
43.649,-127.257,6.1
13.147,125.755,5.7
-59.287,-17.224,5.8
-17.657,66.857,5.5
-7.967,120.613,5.8
30.239,130.768,5.5
-7.973,120.646,5.6
57.527,-149.111,5.5
-17.513,-176.731,5.8
-17.207,-177.226,5.5
-17.272,-174.002,6.3
-7.485,122.678,5.5
43.046,146.837,6.8
26.076,124.496,6.0
-1.347,89.083,5.5
-9.691,118.764,5.6
65.015,-154.238,5.7
13.572,121.546,5.5
75.271,10.195,5.5
1.295,126.272,5.5
-5.844,150.876,6.6
0.931,126.242,5.5
-27.585,65.728,5.6
-15.893,-174.803,5.9
-6.573,155.009,5.9
42.853,131.572,6.0
5.694,127.068,5.7
17.675,145.401,5.9
-10.806,166.57,5.7
-10.905,166.687,5.9
16.569,-46.584,5.6
8.854,-84.126,5.7
-6.279,154.758,5.7
18.562,-107.074,5.7
21.611,143.631,5.5
-5.322,154.16,5.6
17.387,-60.763,5.5
-19.528,173.818,7.1
-20.053,174.363,5.6
-19.826,174.195,5.5
13.795,144.782,6.2
9.406,-78.532,6.1
-21.762,-175.29,5.7
-17.588,-178.984,6.0
-50.066,-114.201,6.0
-18.158,169.014,6.0
-19.005,-179.361,5.8
-19.103,-179.361,5.6
60.167,-145.887,5.5
-7.321,128.491,6.4
-6.817,143.807,6.6
-60.167,149.868,6.4
-34.317,179.131,5.9
-62.902,145.637,6.1
-49.162,164.669,5.5
-3.876,151.359,5.5
-8.701,106.379,5.5
4.738,96.007,5.5
14.975,-92.444,6.3
-61.707,161.272,5.7
-61.77,160.816,5.6
-61.826,160.116,5.6
-44.396,-117.435,5.9
-42.556,-82.772,5.5
40.3886667,-125.2385,5.7
-52.964,25.013,5.6
-41.076,44.239,5.5
-24.362,178.983,5.5
-6.212,147.587,5.5
3.155,128.034,5.9
-12.194,65.769,5.7
-14.558,167.273,5.5
27.551,-111.303,5.6
-16.193,-172.912,5.6
22.338,143.73,7.6
-28.127,-176.309,5.8
-17.899,-178.645,5.6
-17.756,-178.754,5.7
-15.861,-174.137,5.6
0.267,122.051,5.5
4.082,125.61,6.2
34.22,25.69,5.5
-7.206,129.193,5.5
-18.271,-175.272,5.7
-18.045,65.517,6.3
1.091,120.151,5.6
-27.944,-178.386,5.8
-15.568,-173.333,5.7
10.301,126.523,5.9
-18.702,-173.686,5.6
-22.169,-179.353,5.6
3.959,128.269,5.5
3.913,128.215,5.5
-52.455,13.544,5.8
4.022,128.455,5.7
-20.664,-176.469,6.0
51.422,-178.137,6.0
35.667,135.486,5.5
37.842,29.328,5.5
-28.307,-62.99,7.0
-28.384,-62.943,6.1
-5.366,151.469,5.6
-53.221,-118.008,5.6
40.178,143.236,5.6
-33.619,-179.012,5.5
-6.407,-77.057,5.7
51.011,-130.381,5.5
-3.986,146.556,5.9
38.176,73.053,5.6
-15.54,-177.521,5.5
17.439,147.516,6.0
-1.105,123.573,7.6
51.438,-178.493,5.6
-17.914,-178.522,6.5
17.513,147.629,5.5
-1.215,123.359,5.7
-11.295,165.432,6.3
-15.227,-173.614,5.7
-2.54,122.551,5.6
11.045,124.733,5.6
-4.457,150.004,6.1
-0.846,97.996,5.7
11.045,124.771,5.5
-31.319,179.839,5.6
-23.548,-66.452,7.2
35.975,70.657,6.3
-1.42,123.354,5.6
-4.296,123.164,6.3
49.94,-130.33,5.5
59.204,-153.139,5.9
-49.795,125.988,5.5
-23.775,179.956,5.6
71.19,-8.263,6.0
0.738,-25.862,5.9
-4.096,-81.096,5.8
36.042,22.012,5.7
11.359,139.245,6.0
38.922,20.64,5.6
-63.622,172.741,5.9
44.513,-130.081,6.2
51.923,158.932,5.5
35.552,140.464,6.2
-4.721,102.087,7.9
-4.646,102.102,6.7
28.723,65.383,6.0
-15.577,-173.062,5.5
-5.605,102.886,5.8
-4.909,102.656,5.8
-4.141,102.011,5.5
40.693,32.992,6.0
-5.093,102.699,6.2
37.012,103.791,5.6
29.424,131.421,6.4
36.829,135.464,5.9
4.943,126.82,5.5
26.856,97.238,6.3
-4.612,101.905,6.7
14.207,-92.056,5.5
-5.071,152.495,6.3
-5.33,102.754,5.5
-5.365,102.762,5.5
-5.549,102.679,6.0
-11.301,162.062,6.1
-4.478,102.052,5.5
30.472,137.682,5.8
30.491,137.73,6.3
-17.565,-172.615,5.5
-11.448,166.239,5.9
-4.695,153.134,5.5
23.843,121.225,6.4
-5.543,101.491,5.5
-50.579,139.55,6.6
17.315,120.2,5.7
-25.516,178.046,6.4
-24.032,-66.747,5.9
46.64,152.587,5.5
4.542,127.722,6.3
-17.902,176.212,6.0
29.368,132.082,6.1
-33.877,-70.088,6.4
-28.876,-178.464,5.6
63.966,-20.487,6.5
63.965,-20.633,5.7
-13.802,97.453,7.9
16.967,120.408,5.7
14.011,120.532,5.6
-14.104,97.577,5.8
63.98,-20.758,6.5
14.112,144.962,5.9
-27.882,-176.383,5.5
1.279,126.266,5.8
-5.005,153.674,5.5
31.183,131.206,6.0
-7.096,125.906,5.8
34.056,139.561,5.5
34.027,139.359,5.6
13.031,144.538,5.9
-35.226,178.605,5.7
34.221,139.131,6.1
34.076,139.226,5.7
20.24,122.163,5.6
53.203,170.368,5.5
51.411,179.978,5.9
-5.408,102.7,5.9
34.053,139.126,5.9
-16.209,-177.682,5.9
46.828,145.422,5.8
-4.473,103.758,5.8
57.369,-154.206,6.6
57.401,-154.269,5.5
-49.029,123.46,5.6
-18.343,-175.583,5.6
34.319,139.26,6.1
-0.44,-19.595,5.6
-54.104,7.939,5.7
-7.027,128.931,5.9
-61.194,154.6,5.6
20.253,122.043,6.4
-7.747,150.917,6.6
-4.193,138.912,5.8
-12.404,166.509,6.1
36.283,70.924,6.3
17.905,120.782,5.7
36.51,140.983,6.0
9.416,-85.329,6.4
-5.551,105.804,5.5
35.181,141.066,5.7
9.287,-85.18,5.5
18.414,-98.916,5.9
35.229,-36.045,5.5
-4.07,102.37,5.7
34.126,139.116,5.6
-5.561,102.886,5.7
-53.553,-3.169,5.9
0.778,-26.038,5.5
34.208,139.37,5.6
34.204,139.248,5.5
-12.36,166.49,5.8
23.359,120.915,5.7
33.933,139.35,5.7
-10.935,165.934,5.6
33.901,139.376,6.5
33.954,139.27,5.5
-16.697,174.542,6.2
-29.279,-176.35,6.2
-16.817,174.361,5.8
-38.765,78.419,5.9
-17.945,-174.82,5.6
-12.037,166.448,6.6
31.078,131.308,5.6
0.482,121.286,5.6
-17.684,-71.968,5.8
0.152,126.438,5.6
48.786,142.246,6.8
-6.377,130.209,5.5
-5.845,130.309,5.5
28.856,139.556,7.4
29.025,131.207,5.7
-7.018,123.357,6.5
-11.864,166.135,5.7
-15.693,167.986,6.3
18.198,-102.48,6.5
-16.797,174.332,6.4
-3.072,136.112,6.0
8.369,-103.957,5.6
12.078,-82.919,5.5
-9.377,153.854,6.0
-31.511,179.725,6.6
43.046,146.759,5.8
-21.901,-174.771,5.8
-16.887,-172.659,5.6
5.772,94.753,5.7
34.127,139.18,5.7
36.244,141.42,5.5
43.816,147.167,5.7
7.427,126.549,5.7
-1.397,123.134,5.5
-53.02,-45.966,6.1
-6.274,154.664,5.7
38.117,57.376,5.9
21.335,-108.814,5.5
-22.633,-68.276,5.5
-28.01,-13.23,5.5
-6.026,102.687,5.8
-17.517,-179.064,5.5
22.219,143.76,5.6
4.352,126.579,5.6
-4.11,127.394,6.8
-3.986,127.325,6.1
-4.163,127.311,6.0
-4.124,127.027,6.3
5.069,123.212,5.7
1.438,96.591,6.0
-5.053,133.611,5.5
-17.917,-178.325,5.7
-20.073,-179.135,6.0
-20.547,-177.821,5.8
43.024,146.773,5.5
-39.841,41.762,5.8
7.183,122.094,5.5
6.422,95.456,5.7
-22.763,-175.345,5.6
-35.875,-103.064,5.9
13.69,120.174,5.5
24.008,121.526,5.8
-1.179,129.348,5.5
-1.112,129.332,6.1
-5.619,130.611,5.5
-1.924,-12.961,5.5
-15.877,-173.691,6.3
35.389,99.343,6.1
-5.435,101.823,6.0
-15.742,179.801,6.2
-22.468,-176.332,5.5
0.253,122.073,5.5
-30.256,-178.142,5.6
-5.361,146.765,5.9
-1.885,-80.461,5.5
-56.51,-141.828,5.6
-29.847,-178.381,5.5
-4.964,102.104,6.2
4.367,-32.593,5.5
4.276,-32.607,5.7
-11.674,166.405,5.5
-46.806,37.59,5.9
-17.178,-173.927,6.4
1.123,127.442,5.9
-0.215,-80.582,6.4
12.073,122.381,5.6
-4.046,127.334,5.8
-7.977,30.709,6.5
29.443,129.388,5.8
29.52,129.396,5.7
40.282,143.124,6.3
-55.432,-128.081,5.8
11.124,-62.559,6.2
-15.421,166.91,7.0
-15.636,166.995,5.8
31.732,-40.958,6.1
6.853,126.822,6.1
35.456,133.134,6.7
-9.974,119.378,5.9
9.845,125.557,5.7
10.002,92.952,5.9
-6.276,154.627,5.6
-20.645,-177.985,5.8
-1.577,123.305,5.6
23.866,94.863,5.6
12.452,124.967,5.5
23.556,141.833,5.5
-6.859,129.3,5.6
15.521,-92.071,5.8
-10.535,66.738,5.5
-4.623,-106.044,5.5
-17.286,-175.176,6.3
-47.347,-12.403,6.0
1.671,-90.911,5.6
1.832,-90.585,5.9
13.679,120.729,5.9
7.106,126.752,5.6
-57.241,-25.423,5.5
-15.229,167.701,5.7
-4.054,127.388,5.7
-34.605,-109.648,6.0
-6.549,105.63,6.8
-34.678,-109.458,6.1
-34.573,-109.37,5.5
-6.943,129.004,5.5
54.707,94.983,5.5
26.266,140.46,6.1
-1.595,-24.576,5.8
17.598,-61.194,5.6
18.298,146.483,5.7
-5.212,153.96,5.6
-4.766,153.945,7.0
-15.138,-173.417,5.8
47.782,155.651,5.5
0.824,-25.586,5.6
17.637,-61.193,5.8
-9.708,119.075,6.0
34.3,136.214,5.5
-10.513,165.764,5.6
-2.449,140.073,5.5
-17.964,-175.259,5.7
-17.867,-175.312,6.2
-7.95,-74.422,5.9
-45.07,167.009,6.1
5.762,125.773,5.8
-6.076,102.68,5.8
9.938,92.978,5.6
56.15,-153.456,5.9
-55.627,-29.876,6.8
-5.538,151.592,6.0
-5.432,154.016,6.2
-55.136,-29.617,5.5
7.042,-77.829,6.5
23.251,124.15,5.7
-2.458,139.996,5.5
5.737,127.174,5.7
-15.425,-173.42,5.9
36.601,4.773,5.7
-55.359,-29.896,5.5
-5.391,154.181,5.7
-8.175,-79.929,5.8
21.692,92.908,5.5
42.489,144.765,6.0
-21.263,-179.234,5.6
42.521,144.785,5.6
17.342,119.787,5.5
-21.664,170.439,5.9
38.397,42.922,5.6
-14.605,166.656,5.7
-3.98,152.169,8.0
-5.32,153.472,5.8
-14.631,166.702,5.7
-14.637,166.863,5.8
-5.069,153.238,6.0
-5.138,153.211,5.6
-4.498,153.704,5.8
-4.917,153.221,5.5
-5.233,153.102,7.8
-4.827,153.226,6.5
-4.995,153.134,5.5
-4.928,153.074,5.7
-5.003,153.32,5.6
-3.966,152.28,5.5
-4.771,153.218,5.5
-5.29,152.968,6.2
-5.083,153.278,5.5
-4.093,152.685,5.5
-6.346,153.543,5.6
-4.264,152.649,5.7
-5.605,152.888,5.5
-5.12,152.897,5.8
-6.268,153.366,5.7
-5.496,151.781,7.8
-5.426,152.017,5.7
-5.269,153.151,5.5
-5.097,153.181,6.6
-4.224,152.729,5.8
-5.589,152.883,5.7
-5.228,151.771,6.8
-4.583,153.14,5.7
-4.632,153.129,5.7
-5.467,153.334,5.5
-5.384,153.452,6.1
-4.682,153.1,5.7
-5.133,151.655,6.0
-4.858,153.015,5.5
-5.588,151.867,6.1
-4.801,153.112,5.9
-4.484,152.785,5.7
-5.486,152.153,6.2
-3.617,150.823,5.8
-5.43,152.688,6.1
-6.378,153.34,5.5
-15.015,166.768,5.7
-5.589,152.567,5.7
-5.076,152.559,5.5
12.866,144.07,5.6
-4.585,153.058,6.3
-4.655,152.998,5.8
-5.425,153.605,5.6
40.245,49.946,6.8
40.167,49.954,6.5
13.775,120.657,5.5
-24.869,-70.886,6.3
63.884,-150.15,5.8
35.255,-35.328,5.8
51.666,-178.156,5.7
14.876,-93.944,6.1
35.748,140.948,5.7
4.222,126.439,5.7
52.577,-167.847,5.9
39.566,54.799,7.0
-4.218,152.725,6.5
-4.274,152.786,5.8
-4.599,153.255,5.5
22.706,-107.552,5.5
-36.388,-98.758,5.8
-0.847,121.554,5.5
19.083,121.187,5.5
0.05,127.38,5.7
-55.91,-28.06,5.7
19.091,-67.093,5.5
6.015,-82.679,6.1
-3.095,148.331,5.7
-50.4,-6.883,5.5
38.457,31.351,6.0
-15.669,-177.331,5.6
-26.82,-113.342,5.5
-3.966,151.484,5.6
-21.178,-179.124,6.6
-21.182,-179.097,5.7
-17.571,167.721,5.7
11.765,144.76,6.2
-39.008,-74.662,6.5
9.418,-85.452,5.5
-24.123,-176.802,5.7
-9.231,154.353,6.6
-5.706,151.122,6.4
-5.354,154.133,6.0
-3.221,150.758,5.5
-3.263,150.445,5.7
-3.109,150.743,5.5
56.82,-158.341,5.6
-10.56,164.22,5.9
44.79,147.196,6.2
-7.873,135.816,6.0
-4.196,123.247,5.6
-21.264,-179.124,5.7
-42.519,120.175,5.7
-35.025,179.67,5.6
-9.33,154.593,5.9
-4.228,152.73,5.8
-4.05,152.307,6.2
-12.472,166.934,5.5
6.898,126.579,7.5
6.631,126.899,6.8
6.749,126.809,6.4
1.288,-27.777,5.5
-11.16,162.44,6.0
43.932,147.813,5.9
16.113,-61.034,5.7
-0.657,-22.074,5.5
6.917,126.842,5.5
6.772,126.867,5.6
5.846,127.349,5.7
-33.443,-72.233,5.9
15.55,-92.899,5.6
-18.491,176.054,5.6
-14.928,167.17,7.1
57.078,-153.211,7.0
48.89,-129.31,6.0
-18.785,-176.734,5.9
-15.578,-74.809,5.7
-16.95,-174.995,5.5
17.333,120.908,5.5
40.74,-125.284,5.6
13.049,-88.66,7.7
22.094,143.751,5.9
13.118,-88.594,5.7
13.181,-88.792,5.6
-40.344,78.362,6.4
13.076,-88.58,5.8
13.017,-88.596,5.7
12.985,-88.697,5.7
-3.957,101.746,6.0
-4.022,101.776,6.9
-4.308,101.648,5.6
-4.194,101.604,5.7
-13.773,66.187,5.5
2.49,126.344,5.6
15.402,-92.718,6.0
-11.662,166.38,6.3
-58.161,-9.472,6.0
2.874,126.529,5.5
10.172,126.223,5.6
14.017,-90.907,5.9
49.33,-128.79,5.9
29.992,142.036,5.6
-54.426,-133.802,5.6
-0.198,99.245,5.6
-0.596,-19.863,5.7
60.114,-152.363,5.5
12.907,-88.879,5.6
23.419,70.232,7.7
23.316,69.981,5.5
-10.846,161.578,5.6
-4.352,-76.872,5.5
23.507,70.517,5.8
-0.677,133.334,6.2
-5.9,147.048,5.6
51.437,-177.797,6.0
12.819,-88.969,5.7
-19.273,-176.111,5.5
13.211,-88.941,5.8
52.751,153.848,5.7
24.269,125.112,5.8
-19.078,-176.074,5.8
-6.15,147.758,5.5
13.671,-88.938,6.6
-4.68,102.562,7.4
-5.164,102.488,5.6
48.544,153.297,5.6
-19.494,177.33,6.1
-19.691,177.39,6.2
-5.56,148.304,5.6
-7.161,117.488,6.1
-15.345,-70.475,5.5
13.062,-88.909,5.5
20.247,122.428,5.5
53.92,-133.61,6.2
-47.456,32.386,6.0
-45.097,-79.284,5.8
-11.276,-74.514,5.7
-4.9,102.448,5.7
6.622,126.923,5.5
-27.821,-71.455,5.6
17.448,-83.588,5.5
29.513,101.129,5.6
-30.715,-178.263,5.5
1.271,126.249,7.1
1.559,126.354,5.8
1.555,126.431,6.2
37.217,142.146,5.9
-1.143,67.789,5.6
36.424,70.881,6.2
46.815,144.525,6.1
-43.31,39.283,5.6
6.582,126.852,5.8
-6.944,155.833,5.6
-21.986,170.207,6.7
-22.002,170.108,6.3
-22.09,169.992,5.6
13.283,-88.827,6.1
47.149,-122.7266667,6.8
-22.293,170.324,5.8
-38.766,-74.555,5.9
-49.736,117.537,5.5
28.564,129.002,5.5
34.369,86.902,5.9
-54.588,157.271,6.4
-10.43,161.298,5.7
-6.81,-12.911,6.0
-25.373,-177.966,5.8
-35.0,-179.558,5.6
-7.206,106.116,5.8
18.772,121.218,5.7
0.451,121.892,6.0
8.656,94.013,6.0
-32.321,-71.492,6.0
13.144,-88.699,5.9
-20.414,-68.743,5.8
46.691,151.298,5.5
12.54,-87.399,5.7
-4.029,128.02,6.5
-3.999,127.847,5.8
-4.527,153.114,5.9
32.951,46.625,5.5
44.071,148.054,6.0
34.083,132.526,6.8
13.082,-88.939,5.8
-34.734,-109.015,5.5
-59.574,-26.263,5.5
-2.747,138.899,5.5
-34.409,55.464,5.5
11.848,147.325,5.7
40.589,141.772,5.5
-3.386,149.098,5.6
-5.176,132.369,6.4
-34.405,55.464,5.5
21.705,143.325,5.8
-27.554,-176.336,6.2
-4.381,102.199,5.5
-32.668,-73.109,6.7
24.768,99.061,5.6
-59.723,-25.586,6.2
42.729,145.305,5.6
-17.093,168.386,5.6
30.092,141.768,6.0
-20.777,-70.476,5.6
51.239,-179.78,5.9
-7.414,155.964,5.9
-7.455,155.893,6.0
-7.306,155.965,6.2
-7.41,155.865,6.7
-7.56,155.955,5.6
-46.293,95.97,5.5
-13.552,-76.655,5.6
-29.103,-67.52,5.8
-5.205,132.372,5.5
-19.407,-173.834,5.8
18.449,120.658,5.5
-7.51,155.923,5.5
32.824,132.023,5.7
-9.183,106.487,5.5
43.097,145.923,6.0
8.338,-103.21,5.7
-18.064,-176.937,6.9
18.736,-104.545,6.2
43.881,147.392,5.5
0.462,126.299,5.8
-23.523,-111.878,5.7
-24.457,-116.076,5.6
-14.927,-173.468,5.7
-56.186,-144.471,6.2
18.777,-104.165,5.5
13.605,-88.795,5.7
53.641,-164.319,5.5
-10.318,161.232,6.3
-34.916,-108.065,5.5
-27.173,-176.898,5.7
-28.06,-66.553,5.6
-4.236,143.422,5.5
0.414,97.784,5.9
-7.53,155.888,5.6
-19.903,-177.515,6.0
18.816,-104.446,6.3
2.774,-95.358,5.5
-17.708,-178.703,5.6
27.689,101.003,5.5
-38.868,175.392,5.5
44.268,148.393,6.7
-7.869,110.179,6.3
-20.292,-177.842,6.4
-6.609,132.346,6.0
19.853,-109.165,5.5
-7.022,155.037,6.4
-7.025,155.003,5.7
-7.199,154.923,5.9
-29.666,-178.633,7.2
17.096,145.83,5.7
-6.884,146.388,6.4
-6.731,146.557,5.5
-6.815,146.41,6.0
-5.127,152.73,5.6
38.582,25.613,5.6
-18.831,-173.355,5.5
24.463,122.397,5.6
24.513,122.033,5.9
-22.053,-179.461,5.7
51.192,-179.85,5.5
51.16,-179.828,6.5
18.852,146.81,5.9
18.833,146.983,6.0
13.903,51.679,6.0
-14.889,-173.339,6.0
-24.291,-69.173,5.8
-20.154,169.063,5.5
-22.739,-67.877,6.0
1.601,-85.161,5.7
45.522,152.036,5.7
35.55,28.157,5.7
1.443,125.691,5.7
55.011,-159.326,5.5
-16.265,-73.641,8.4
-17.4,-72.166,5.8
-17.84,-71.348,5.8
-17.181,-72.641,6.1
-16.645,-73.606,5.7
-17.602,-72.646,5.5
-16.767,-73.632,5.9
-17.849,-71.579,5.6
-17.585,-71.958,5.5
-17.745,-71.531,5.6
44.189,148.51,6.0
-16.85,-73.788,5.7
37.238,36.206,5.5
-17.574,-70.685,5.5
-17.745,-71.649,6.7
-4.07,-104.469,6.1
61.34,-140.07,5.7
-19.532,-176.391,5.5
-17.887,-71.529,5.5
-19.522,-66.254,6.1
-6.406,146.761,5.9
-4.312,152.956,6.1
-4.236,123.247,5.6
-6.033,154.806,5.9
-16.623,-73.971,5.6
21.641,142.984,6.5
-21.725,-176.705,6.5
32.153,139.6,5.6
32.192,139.497,5.5
-17.003,-65.711,6.2
32.156,139.545,5.9
32.163,139.581,5.7
32.214,139.538,5.6
-16.086,-73.987,6.6
44.512,149.325,5.5
2.86,66.226,5.6
-17.543,-72.077,7.6
-6.663,152.108,6.2
-7.429,-13.378,5.7
28.75,-43.437,5.7
-17.404,167.694,5.5
57.203,-151.036,5.9
-16.971,-174.676,5.9
-5.147,132.338,6.0
-22.586,-179.683,5.6
-3.416,134.684,5.8
-19.448,-69.255,6.4
33.165,95.6,5.5
0.043,122.97,5.6
39.059,24.244,6.5
59.025,-155.116,6.8
-4.077,-103.918,5.6
-17.692,-178.826,5.5
-5.281,103.336,5.7
51.156,179.385,5.8
-15.158,-174.718,5.7
1.557,126.399,5.7
8.023,117.466,5.5
56.26,163.79,6.3
2.809,126.995,5.9
12.224,93.352,5.9
-10.815,164.949,5.7
-55.537,-123.422,6.7
-55.573,-123.395,5.6
-8.61,113.832,5.6
-10.867,165.396,5.6
-14.258,-72.683,5.8
-30.656,-178.072,5.6
-18.166,-69.428,5.6
-5.506,149.597,5.5
14.02,-91.875,5.5
-14.7,167.106,5.7
-5.969,130.074,5.5
6.322,94.774,5.5
11.498,-86.713,5.6
-13.616,166.28,5.7
41.046,142.308,6.4
-22.664,179.317,5.6
-36.71,78.667,5.5
25.748,126.19,5.9
-36.813,-179.575,7.1
-3.373,146.311,6.2
-3.144,146.724,5.5
-36.807,179.948,5.8
7.633,-82.766,6.1
14.187,51.793,5.7
1.091,126.36,6.1
-21.722,-70.108,5.9
-41.495,-90.728,5.6
-47.426,100.017,5.6
-22.928,169.787,5.8
0.889,82.501,6.1
-54.356,-137.016,6.3
-54.374,-136.622,5.9
38.804,72.154,5.5
-16.284,178.158,5.8
-16.244,177.998,5.9
-13.166,97.297,5.9
14.995,-91.571,5.6
-0.578,133.13,6.5
45.447,150.683,5.5
-20.993,-179.109,6.5
52.46,-169.245,5.6
27.692,141.907,5.7
-21.092,-179.108,5.5
-4.677,153.116,5.5
48.69,-128.71,6.0
48.56,-128.56,5.5
-22.393,-175.01,6.0
37.244,21.873,5.5
48.54,-128.6,5.8
-9.004,-109.517,5.5
-7.506,127.739,6.0
-27.934,-176.656,5.5
12.99,-88.761,5.5
-11.375,115.042,5.6
51.786,-175.305,5.6
3.873,-75.968,5.9
46.591,150.785,5.5
-26.559,178.158,5.9
-18.503,168.159,6.4
-5.42,151.632,5.5
-22.541,-113.563,5.6
-18.419,168.121,6.2
-58.306,-25.438,5.6
-16.183,-173.82,6.2
34.548,141.417,5.9
37.739,141.775,5.6
-3.502,139.717,5.7
47.079,148.631,5.9
-3.296,142.934,6.2
17.044,-99.996,5.9
52.591,160.324,6.5
52.631,160.214,6.4
-23.223,-175.505,5.5
47.758,155.102,5.9
-23.846,-179.892,5.5
-24.171,-66.831,5.5
52.63,-132.2,6.1
12.686,144.98,7.0
0.839,125.98,6.0
-8.598,110.633,5.8
-55.758,-124.291,5.7
-39.702,176.614,5.5
19.355,-64.886,5.6
19.354,-64.932,6.0
-55.092,-126.907,5.6
-4.102,123.907,7.5
-4.561,123.885,5.5
-37.137,178.982,6.7
1.83,126.506,5.7
-4.68,139.44,5.5
-4.855,123.917,5.7
-20.908,-179.125,5.6
-26.15,70.885,5.5
-14.766,-70.497,5.8
-18.494,168.108,6.1
26.316,100.648,5.6
51.434,-174.94,5.6
-21.797,-176.716,5.7
28.579,128.28,5.5
-24.533,-177.494,5.6
-5.912,150.196,7.0
5.361,94.359,5.7
-17.289,-179.251,6.3
-60.8,-25.65,5.6
9.643,-82.3,6.1
16.219,-98.054,5.5
22.336,-45.143,5.5
-49.591,-116.194,5.7
22.371,-106.973,6.1
53.627,170.551,6.0
-17.431,-178.705,5.5
35.946,90.541,7.8
35.726,93.384,5.6
-1.587,-15.578,6.3
-24.409,-115.864,5.7
-60.588,154.092,5.9
35.726,93.691,5.6
-6.88,128.921,6.2
-31.068,-176.724,5.8
-16.255,178.019,6.3
-16.242,178.054,6.2
36.392,71.506,6.1
23.031,125.362,5.6
-33.228,-178.573,6.0
29.606,81.752,5.5
15.571,-93.106,6.4
-4.289,-104.214,5.6
-33.248,-178.482,5.7
-4.759,101.903,5.6
-12.738,166.664,6.0
39.402,141.089,6.5
-16.496,-177.54,6.4
-15.35,-72.516,5.8
18.961,120.24,5.6
-52.606,18.349,5.7
-41.398,-88.334,5.7
-5.645,130.742,5.6
-44.216,168.819,5.8
-15.114,-72.742,5.6
-5.824,147.387,5.5
28.251,129.574,6.2
31.9976667,-115.0016667,5.7
-0.002,122.87,6.1
-17.189,167.721,6.1
-42.813,124.688,7.1
27.042,-44.496,5.7
-53.386,24.724,5.5
-22.694,172.165,5.5
23.954,122.734,6.8
54.174,-162.548,5.6
-56.895,-25.024,5.5
8.17,-70.961,5.6
-10.91,165.863,6.0
27.871,141.75,5.9
-9.613,159.53,6.8
-30.224,-178.091,5.9
-14.647,167.262,6.2
-36.098,-100.644,5.9
-8.357,-74.22,6.0
-17.78,-178.788,5.7
-6.009,102.849,5.6
-35.017,-103.31,5.7
-55.214,-129.0,6.0
6.303,125.65,6.3
-27.875,73.883,5.6
-16.332,177.921,5.5
-17.983,178.744,6.2
-17.6,167.856,7.2
-17.575,167.745,5.7
-4.333,102.04,5.6
36.088,70.687,6.2
-17.664,168.004,6.6
-18.013,167.78,5.5
-26.373,178.281,5.5
-17.841,178.887,5.5
-17.527,168.13,5.6
12.538,-87.672,5.6
52.064,-171.068,5.7
18.957,144.958,5.9
-17.57,167.913,5.7
-3.212,142.427,6.7
-54.893,-130.617,5.5
-10.588,165.291,5.8
-20.445,-173.955,5.6
-5.651,151.074,6.4
-17.434,167.81,5.8
-19.384,-69.231,5.8
-17.334,167.722,6.0
-6.314,105.205,6.1
-5.527,151.097,6.2
23.901,125.415,5.5
15.502,-93.133,6.4
43.915,147.272,5.7
-45.923,34.891,5.5
-41.465,-85.638,5.5
-15.384,167.483,5.8
-21.542,170.122,5.5
35.79,26.617,6.2
-4.61,149.291,5.5
3.533,95.658,5.7
-4.566,-104.81,5.8
-20.865,-178.763,5.7
49.381,155.594,6.1
-15.304,-173.225,6.2
18.194,-95.908,5.9
-6.252,150.887,6.0
-4.957,151.263,5.5
-12.797,169.531,5.8
45.464,136.719,5.9
-5.236,152.491,5.5
38.573,31.271,6.5
38.701,30.872,5.5
38.632,30.902,6.0
-5.345,151.248,6.6
-55.185,-128.941,5.5
3.026,126.288,5.7
46.083,142.719,5.5
-55.912,-29.004,5.9
-3.711,151.541,5.5
23.716,121.56,5.7
36.588,140.949,5.6
13.989,144.837,5.8
41.472,142.029,5.5
14.995,-92.638,5.8
-36.231,-100.301,6.0
-3.767,151.418,5.5
-3.731,150.992,6.1
-56.741,-25.436,5.7
-7.679,31.895,5.5
-9.64,160.937,5.5
32.32,-115.32,5.5
32.3188333,-115.3215,5.7
-4.454,151.982,5.7
-5.654,130.755,5.6
-18.297,-69.707,5.6
-5.685,151.258,6.3
52.697,-166.695,5.5
-33.192,-179.389,5.5
-35.717,-17.62,5.9
-45.837,-76.119,5.9
36.429,70.438,6.3
36.502,70.482,7.4
28.446,143.275,5.5
-6.888,128.995,5.5
6.033,124.249,7.5
47.88,146.958,5.6
-1.319,-24.481,5.6
5.871,124.274,6.0
-56.019,-27.332,6.0
-29.354,-177.104,5.6
20.142,122.105,5.6
30.599,141.566,5.8
-44.536,-79.7,5.7
51.531,-173.083,5.9
49.677,156.02,5.5
-4.191,123.28,5.5
-6.196,151.405,5.6
0.68,122.32,5.7
51.464,-173.275,5.9
-45.221,35.105,6.0
-33.263,-179.725,5.6
-36.816,-179.787,5.6
-36.873,-179.744,5.5
-20.391,-69.003,5.5
-6.486,129.901,6.1
30.512,141.962,5.9
-3.569,144.968,5.6
-3.214,142.246,5.5
4.585,126.319,5.5
1.395,128.109,5.7
24.362,-46.355,5.5
36.062,69.315,6.1
23.346,124.09,6.4
36.023,69.338,5.6
-21.663,-68.329,6.5
22.638,-45.15,5.9
22.603,-45.164,5.5
24.279,122.179,7.1
14.355,-92.593,5.6
-29.67,-71.384,6.4
-49.531,-116.074,5.9
41.543,141.851,5.7
-15.275,-173.429,5.7
-60.94,154.25,6.2
-10.833,164.19,5.8
-51.068,139.269,6.2
-20.741,169.285,5.9
-14.392,167.687,6.2
35.959,69.417,5.9
1.096,125.379,5.5
38.531,73.405,5.5
7.316,126.656,5.6
16.985,-100.865,6.8
-60.657,-25.843,5.8
-27.535,-70.586,6.7
17.233,-101.25,5.9
-16.382,173.259,6.0
5.304,124.382,5.7
-20.521,162.185,5.7
-5.784,-81.033,5.9
-12.518,166.938,5.6
51.085,-177.879,5.6
42.436,21.466,5.7
-56.135,-122.312,6.2
-27.441,-176.702,5.5
53.508,160.632,5.8
-27.47,-176.836,5.7
13.088,144.619,7.1
1.793,-102.07,5.6
-29.753,-177.737,5.5
86.005,31.595,5.6
-17.898,-178.737,5.8
5.283,124.406,5.7
-19.033,168.665,5.9
52.3,160.182,5.5
-17.948,-174.573,6.2
53.813,160.774,5.9
2.646,128.303,5.6
-10.424,-78.506,5.7
-1.143,127.087,5.9
19.141,121.238,5.5
19.132,121.238,5.8
3.507,125.377,5.5
-36.518,78.932,6.2
-21.405,-174.261,5.9
24.636,121.922,6.2
48.168,-27.808,5.7
-2.907,33.733,5.5
-15.07,-176.449,5.5
17.779,-81.911,5.7
44.43,146.619,5.5
36.627,24.274,5.9
-36.344,-97.908,5.7
-30.749,-71.197,6.0
-5.816,102.064,5.5
-31.971,-70.947,5.7
53.815,-161.116,6.4
1.832,127.238,5.9
-28.937,-66.797,6.0
24.069,122.264,6.1
-19.136,168.995,5.6
52.807,171.794,5.5
27.564,139.78,5.9
30.595,81.44,5.6
35.472,-36.291,5.7
-0.879,148.33,6.3
8.715,-77.621,5.6
16.107,-96.749,5.6
-15.509,167.545,5.6
11.282,-87.191,5.5
11.279,-87.229,5.7
10.985,140.69,6.1
-21.573,169.876,5.5
10.99,140.892,5.6
-0.676,-20.722,5.6
-47.801,99.751,6.6
7.593,124.022,5.6
-47.215,101.891,5.5
22.542,-45.136,5.5
0.495,119.901,5.9
8.784,-83.992,6.4
-17.866,-178.696,5.9
-2.338,102.559,5.8
-4.628,-105.147,5.8
-4.651,-105.379,6.0
-12.592,166.383,6.7
-30.805,-71.124,6.6
-3.845,141.816,5.5
-19.278,169.674,5.5
-4.495,146.768,6.0
-15.11,-175.863,5.7
-55.458,-128.371,5.7
35.626,49.047,6.5
-4.928,-12.384,5.6
14.753,-94.515,5.5
-6.963,104.181,6.5
-13.275,167.051,6.0
43.752,130.666,7.3
-12.4,166.524,6.2
34.132,94.495,5.6
-22.201,179.25,6.5
-29.85,-112.399,5.8
-31.149,-67.76,5.5
-5.032,147.336,6.2
-20.622,-177.16,5.7
-5.02,147.344,5.6
43.519,-127.169,5.9
24.075,122.288,5.8
30.797,69.979,5.8
-8.203,156.978,5.8
30.847,132.394,5.5
48.517,153.261,5.6
1.295,122.752,5.6
-56.623,-140.69,6.1
37.251,142.216,5.7
-9.285,118.616,5.9
43.661,147.548,5.7
4.187,62.608,5.5
-17.933,-178.342,5.5
6.437,126.32,5.6
-55.741,-26.871,5.6
-57.889,-23.242,6.2
-6.504,130.311,5.5
7.929,-82.793,6.5
29.28,138.97,6.3
8.264,-82.822,5.8
-1.506,-14.374,5.7
11.373,-87.312,5.6
-45.022,-80.732,5.9
-35.457,-16.238,6.0
-5.54,141.831,5.6
-21.865,-176.581,5.8
7.851,-82.895,6.0
4.98,-77.819,5.9
-61.452,154.946,5.5
-16.309,-176.172,6.1
13.654,39.813,5.7
-5.576,-71.882,5.5
-19.506,169.036,6.0
-6.998,104.016,5.8
14.749,55.85,5.8
-30.772,-177.367,5.6
7.831,136.88,6.3
14.101,146.199,6.5
-1.196,121.333,6.2
-9.552,155.976,5.5
-21.696,-179.513,7.7
-23.567,178.542,5.9
-23.884,178.495,7.7
-23.899,178.375,6.1
-21.893,-179.445,5.5
-24.871,178.566,5.6
30.986,141.966,6.3
-6.067,130.61,5.5
-21.104,-179.1,5.5
43.11,146.118,6.1
-3.284,135.795,5.8
-20.543,-178.409,5.5
-6.75,105.705,5.8
-6.398,113.406,5.6
22.115,121.577,5.6
-3.358,145.766,5.8
2.709,-84.378,5.6
24.056,122.272,5.5
14.284,51.945,6.0
-3.147,143.098,5.5
43.916,-128.243,5.7
13.536,120.754,5.8
-0.821,147.769,5.6
39.77,72.007,5.5
38.381,13.701,6.0
-20.275,-176.036,6.0
-24.852,179.917,5.5
-30.109,60.926,5.7
-22.836,178.933,6.0
-3.302,142.945,7.6
-2.945,143.023,5.6
83.136,-6.078,5.5
-11.571,166.229,5.5
13.036,93.068,6.5
13.055,93.157,5.8
44.833,129.923,6.4
25.154,122.27,5.5
-3.313,142.679,6.3
66.938,-18.456,5.8
30.995,141.775,5.6
-3.284,142.769,6.0
13.112,93.168,5.5
-22.473,172.893,5.7
-15.196,-173.347,5.5
-1.743,134.013,6.0
-1.68,134.234,6.4
-1.798,134.189,5.5
-22.269,170.435,5.5
-27.202,-176.626,5.7
-10.584,161.154,5.6
-31.519,-69.2,6.3
-10.535,161.2,6.1
-10.565,161.11,6.3
-10.65,161.21,6.3
31.995,49.329,5.6
-19.648,-12.014,5.7
-53.266,-117.504,5.5
-10.903,161.461,5.6
-10.871,161.413,5.7
-6.283,146.378,5.7
-33.409,-109.45,5.5
-10.796,161.235,5.6
-10.935,161.205,5.8
-10.986,161.45,5.9
23.324,-108.53,6.5
-7.526,115.663,6.0
-20.991,-179.016,6.3
58.47,-31.811,5.6
-8.197,118.341,6.3
-18.706,169.293,5.7
58.311,-31.946,5.7
-42.039,88.379,6.0
-10.919,161.317,5.5
-1.757,134.297,7.6
-1.725,134.24,5.5
-1.501,134.2,5.5
-1.511,133.973,6.7
-1.401,133.934,6.0
-1.49,134.143,5.9
-1.478,134.111,6.0
15.673,-95.697,5.5
37.753,142.621,5.5
-8.295,-71.738,6.9
15.096,118.504,6.1
-14.596,-175.416,6.1
41.174,142.249,6.1
51.952,157.323,6.2
-15.676,-173.048,6.0
-19.842,-178.401,6.2
-3.597,140.226,6.3
-57.185,-142.751,6.1
-3.667,140.312,6.0
44.297,149.96,6.3
36.353,141.071,5.5
-20.633,-178.391,6.2
-32.202,-109.512,5.5
63.514,-147.912,6.7
-30.966,-179.818,5.8
48.264,154.383,5.6
-1.884,29.004,6.2
-1.822,28.979,5.5
6.03,94.419,5.7
-15.904,179.379,5.5
-17.606,-174.18,5.5
-25.321,-175.638,5.6
-3.441,148.638,6.1
41.789,14.872,5.9
-19.615,169.453,5.5
41.726,14.875,5.8
2.824,96.085,7.4
12.701,92.856,5.8
2.954,96.394,6.3
51.31,-131.12,5.6
38.886,141.977,6.4
-15.927,-178.073,5.6
63.517,-147.444,7.9
63.315,-145.634,5.6
-5.525,36.035,5.5
49.073,142.303,5.6
51.197,179.334,6.6
13.743,-91.187,6.0
45.003,37.768,5.5
-2.619,68.005,5.7
-48.145,-75.506,5.6
-23.313,-179.902,5.7
-56.55,-27.536,6.2
-15.097,167.307,5.8
3.006,96.087,5.6
-17.783,-178.783,5.6
-55.718,-35.782,5.9
-56.051,-36.404,6.6
50.375,156.562,5.6
-26.397,178.201,5.5
-23.529,-175.607,5.5
47.946,146.419,5.8
47.824,146.209,7.3
35.414,74.515,6.3
12.373,-82.22,5.8
51.465,-173.537,6.1
54.671,-160.741,5.6
-3.21,142.116,5.5
-14.49,167.827,5.9
-28.879,-63.069,5.5
-15.243,-172.437,5.5
-35.149,179.98,5.9
-16.082,-172.965,5.9
-11.238,117.26,5.5
37.747,21.087,5.7
1.511,126.392,5.9
-17.818,-178.817,5.6
19.379,94.513,5.6
-6.471,153.435,5.6
-50.028,-114.121,6.0
17.884,-100.909,5.5
-24.139,179.24,6.1
34.301,141.595,5.5
-3.81,135.123,6.3
-3.737,135.234,5.8
-4.786,153.275,6.7
-7.822,156.216,5.5
-41.852,-83.564,5.5
39.736,97.443,5.6
-16.206,-174.142,5.6
-56.952,-24.825,6.2
-7.003,125.411,5.7
-56.996,-25.205,5.6
-57.092,-24.981,6.1
0.911,126.273,5.6
-3.076,147.943,6.3
4.983,123.158,5.7
16.957,-85.578,6.0
47.715,154.6,5.7
50.007,156.164,5.5
-17.745,-178.899,5.5
39.57,75.254,5.7
35.704,69.868,5.5
-18.247,-178.534,5.9
51.429,-168.526,5.6
-3.799,141.241,5.5
7.471,123.407,6.3
-48.127,-9.789,5.6
-8.747,117.788,5.5
-20.57,-177.661,6.5
20.095,121.5,5.6
15.651,119.658,6.0
-33.765,-70.054,5.7
-10.213,160.936,5.7
-20.577,-174.682,5.7
6.036,-77.388,5.7
52.089,-171.584,5.5
-19.664,-176.295,6.0
0.153,123.521,5.5
0.538,98.6,5.5
-44.444,-79.243,5.9
-5.311,153.701,6.7
0.202,97.957,5.7
-15.86,-174.38,5.5
44.284,-129.024,6.3
44.281,-129.351,5.7
44.149,-129.183,5.5
1.947,122.682,5.8
33.941,137.183,5.5
-5.198,153.633,5.5
-10.491,160.77,7.3
-20.393,-178.427,5.6
-15.598,-173.536,5.8
13.626,-90.774,6.5
18.77,-104.104,7.6
4.495,97.568,5.7
18.822,-104.374,5.9
18.737,-104.467,5.5
-8.807,118.524,5.5
52.242,-170.253,5.5
39.5,39.878,6.1
-46.048,35.057,6.4
7.469,-81.815,5.6
16.554,-92.886,5.8
57.449,-33.344,5.6
-6.362,154.612,5.6
-2.73,101.196,5.6
13.774,-90.88,5.6
-21.107,-175.723,5.5
-39.785,45.104,5.7
-6.011,149.792,6.3
-24.519,-176.34,5.6
-4.691,134.867,5.5
-37.848,178.841,5.5
-3.652,144.242,6.2
-22.207,-179.64,5.6
-16.449,-173.322,5.7
28.046,56.818,5.6
-54.471,5.742,5.7
12.171,123.921,5.8
12.168,124.079,6.3
-56.939,-142.8,5.6
53.645,-164.643,6.6
44.149,141.799,5.9
-0.944,126.791,5.6
-18.442,-70.994,5.6
-25.946,-178.3,5.9
-21.315,171.566,5.5
39.61,77.23,6.3
58.706,-156.867,5.5
-1.699,134.313,6.0
-36.958,-20.879,6.2
15.578,121.917,5.5
-55.252,-28.008,5.6
37.68,141.719,5.8
-3.232,130.894,5.6
-23.604,-175.813,5.8
0.855,-26.9,5.5
-6.82,130.985,6.0
1.692,127.296,6.4
-28.07,-177.679,5.9
-4.694,153.238,6.8
-4.659,153.16,5.7
39.362,77.426,5.7
26.556,-110.587,6.4
-62.099,161.726,5.9
-0.406,132.951,6.3
-17.416,-175.183,6.4
-3.916,134.337,5.9
52.249,160.387,6.1
-58.203,-11.203,5.8
51.272,177.978,7.1
52.326,160.306,5.5
51.295,177.971,6.2
-9.388,156.587,6.2
52.207,160.716,5.6
-19.212,167.639,5.5
-10.211,117.185,5.6
-0.212,125.166,5.5
28.094,142.506,5.5
-15.507,-179.847,5.8
-8.294,120.743,6.5
27.264,89.331,5.5
12.518,92.564,5.9
-7.164,155.682,5.7
-15.324,-173.508,6.2
35.976,70.585,5.9
43.109,15.464,5.5
-7.796,129.023,5.6
-3.169,127.542,6.2
-6.183,151.429,6.2
35.28,-35.729,6.3
2.078,126.682,5.6
-25.124,179.896,5.7
-41.381,-86.14,5.5
-7.332,155.385,5.5
-16.18,167.889,5.9
-21.068,174.066,5.8
-20.95,174.124,5.5
18.877,121.259,5.7
36.296,141.679,5.8
38.221,26.958,5.8
-4.446,138.932,5.5
-15.396,67.262,5.6
7.033,-82.353,6.2
-3.896,151.263,5.6
25.031,-109.429,5.5
37.529,96.476,6.4
-55.272,-128.918,5.5
-54.624,1.432,6.5
-55.039,-128.695,5.6
-17.759,-173.865,5.6
-15.136,-173.793,5.6
55.92,163.347,5.6
48.764,154.991,6.1
-4.068,135.283,5.6
-20.944,169.773,6.3
-8.195,-71.592,6.0
-7.02,103.683,5.8
-7.032,103.69,5.5
43.706,147.805,6.0
-14.847,167.339,5.5
17.729,147.751,5.5
39.007,40.464,6.4
-7.207,122.697,5.6
-15.143,-173.747,6.2
36.884,31.536,5.5
-30.531,-178.232,6.7
-11.287,166.314,6.0
39.43,77.219,5.8
-30.587,-178.29,6.4
0.215,127.354,6.4
3.715,127.954,6.2
-12.805,-77.515,5.7
-3.449,150.825,5.9
-48.209,32.272,6.3
-0.988,126.938,6.1
1.142,98.911,5.5
-17.287,167.744,6.3
18.266,-58.633,6.7
-8.06,107.315,6.0
-5.361,129.836,5.8
-18.841,168.824,5.5
-31.396,-69.094,5.5
-18.044,-178.67,6.0
17.546,-105.473,6.1
-2.964,130.146,5.5
36.964,3.634,6.8
36.97,3.813,5.7
0.151,123.94,5.5
42.946,72.764,5.5
11.902,124.101,5.6
5.676,-82.65,5.9
-14.668,-71.514,5.6
14.428,53.813,5.9
38.849,141.568,7.0
1.158,120.495,5.5
2.354,128.855,7.0
6.761,123.707,6.9
6.812,123.88,5.9
-33.455,-179.538,5.5
-31.365,-68.596,5.7
36.939,3.578,5.8
-17.646,66.116,6.2
-12.394,-77.172,5.6
-2.914,142.361,5.7
28.197,142.773,5.6
-32.95,-71.969,5.5
-18.224,167.247,5.6
-17.36,-72.807,6.0
8.374,-103.069,5.8
-30.618,-178.804,5.8
-2.937,130.193,5.6
-5.095,152.502,6.6
24.413,122.02,5.8
23.52,121.628,6.0
-5.985,154.758,6.3
13.17,120.514,5.5
-3.23,140.913,5.7
-4.581,-104.972,5.8
-7.583,156.782,5.8
51.552,176.923,6.5
23.532,121.607,5.5
55.492,159.999,6.9
71.122,-7.577,5.5
-30.691,-71.537,5.6
-7.606,-71.722,7.1
-30.608,-71.637,6.8
-7.56,127.856,5.9
51.439,176.783,6.9
27.362,60.974,5.6
28.82,-43.612,5.7
12.253,123.85,6.0
-3.325,146.148,6.3
17.457,-61.14,5.7
11.993,143.708,5.5
4.529,122.511,6.0
12.803,124.898,6.0
22.904,-108.191,5.6
42.323,144.842,5.9
-21.278,-174.522,6.0
-5.448,151.878,5.7
-5.473,151.691,6.1
76.372,23.282,5.5
40.445,26.024,5.7
-15.581,167.533,5.8
34.606,89.475,5.8
20.372,122.001,5.6
-4.929,145.23,5.6
29.736,129.968,5.5
28.355,54.169,5.8
28.296,54.133,5.7
9.337,122.044,5.9
54.65,-134.47,6.0
38.288,38.963,5.6
12.937,-90.075,5.5
-0.537,100.822,5.7
-3.828,152.174,6.5
-2.598,68.382,7.6
-2.569,68.329,5.6
18.507,-107.129,6.0
-8.682,111.227,5.9
-5.481,148.853,6.4
25.975,101.29,6.0
6.678,93.601,5.6
-0.45,123.646,5.5
-15.416,166.142,6.0
-15.592,-13.351,5.8
-4.293,145.017,5.5
0.136,124.58,5.8
-1.528,149.694,6.4
38.432,141.003,5.5
38.415,140.996,6.1
52.296,-168.212,5.5
-17.595,-175.098,5.7
-28.197,-70.937,5.5
22.854,92.306,5.7
-18.478,168.515,5.5
-21.08,-176.585,6.6
47.151,139.248,6.8
-20.134,-65.185,6.0
22.825,92.343,5.5
-1.194,67.58,5.7
-61.307,154.797,5.5
-10.132,-74.31,5.6
5.183,127.013,5.5
-54.647,1.253,5.5
35.031,-35.702,5.8
56.113,-153.323,5.7
-22.577,-177.009,5.5
29.078,59.745,5.6
-60.532,-43.411,7.6
-60.517,-42.701,5.6
-20.941,-178.928,5.5
1.142,128.152,6.0
1.257,128.195,5.5
18.348,-106.036,5.7
-56.906,147.611,6.0
12.124,93.53,6.0
39.16,20.605,6.3
38.826,20.573,5.5
-19.899,-177.984,5.9
20.348,121.83,5.5
29.573,95.605,5.5
-11.403,166.216,5.5
29.053,59.773,5.9
-45.104,167.144,7.2
-45.118,167.136,5.7
-45.325,167.041,5.9
68.689,-148.038,5.5
-0.877,133.697,5.5
-17.453,167.887,5.5
14.034,-91.069,6.0
18.541,-106.695,5.8
-33.113,-179.219,5.6
-17.16,-70.674,5.7
-45.432,166.805,5.5
43.741,-28.922,5.5
11.288,57.575,5.7
-49.816,-114.811,6.2
-7.324,126.051,6.0
-56.105,-143.6,5.5
-21.983,-179.584,5.5
0.207,126.177,5.5
13.162,145.335,5.5
-59.286,-24.877,5.5
-14.796,167.238,6.0
41.864,142.552,5.5
10.536,146.352,5.5
43.393,132.267,6.2
12.154,122.318,5.8
38.599,75.325,5.7
-15.229,-173.223,6.4
-45.194,167.108,5.5
7.884,-82.203,5.7
5.316,95.9,5.9
-54.715,1.089,5.5
-4.623,-106.045,6.1
-21.878,-175.101,5.6
-57.419,-25.639,5.7
-22.432,172.095,5.9
-22.472,172.123,6.4
-15.807,167.091,5.9
-8.55,110.189,5.9
2.082,96.818,5.8
-50.07,114.186,5.5
-50.031,114.506,5.5
-8.205,156.159,6.0
-5.273,151.502,6.0
-8.971,-108.77,5.5
-0.163,122.945,5.5
-36.161,53.523,5.9
-51.623,-75.593,5.6
18.667,121.033,5.7
56.062,111.255,5.6
-21.467,-68.325,5.8
34.998,140.172,5.7
-55.879,-27.909,5.5
11.768,143.224,5.5
19.917,95.672,6.6
-1.007,-14.059,6.0
19.777,-70.673,6.4
19.91,-70.506,5.6
-4.992,153.808,5.8
35.342,-35.863,5.7
41.815,143.91,8.3
42.343,143.764,5.5
41.836,143.687,5.6
41.73,143.637,5.7
41.807,144.231,5.5
41.774,143.593,7.4
-22.338,-175.282,5.6
41.996,144.448,5.6
42.156,144.67,5.9
41.988,144.576,6.0
50.038,87.813,7.3
50.091,87.765,6.4
28.827,128.393,5.7
44.666,150.348,5.6
42.62,144.716,5.6
42.45,144.38,6.5
42.045,144.367,5.5
41.4,144.151,5.6
-3.957,153.029,5.6
-60.318,-33.401,6.0
-30.437,-177.398,6.4
-30.494,-177.18,6.0
-45.486,167.045,5.6
-30.248,-177.485,5.6
50.211,87.721,6.7
-7.05,125.407,5.9
-10.752,164.417,5.8
42.227,144.638,5.5
-16.526,-170.192,6.2
42.648,144.57,6.7
42.227,144.72,5.9
42.21,144.689,5.8
41.471,143.508,5.6
13.755,119.939,6.2
41.924,144.358,5.8
43.973,148.206,5.7
41.746,143.683,5.6
-17.9,-178.57,5.7
-15.937,-178.426,6.0
-17.822,-178.704,6.0
25.954,101.254,5.6
-5.471,154.155,6.4
-5.077,102.458,5.8
0.444,126.103,6.4
-58.09,-26.248,5.6
8.199,-102.941,5.8
-6.058,147.727,6.3
11.491,141.602,5.6
-23.704,179.802,5.8
51.4,176.687,5.6
-3.471,145.395,5.9
38.4,100.951,5.8
38.383,100.975,5.8
-5.376,151.509,6.0
-14.291,-70.58,5.6
43.844,147.75,5.9
-49.038,124.715,5.5
-60.711,-25.152,5.9
-3.645,151.105,5.7
37.812,142.619,7.0
37.742,143.083,5.9
-45.19,166.535,6.4
44.579,150.329,5.5
11.199,-86.751,5.6
4.973,-77.77,6.0
2.001,127.033,5.8
-19.262,168.892,6.6
50.976,157.223,5.5
2.041,126.88,5.6
1.562,127.358,5.8
-0.674,-19.689,6.6
-30.616,-179.01,6.1
-30.659,-179.376,6.1
22.321,143.246,6.0
1.593,126.48,6.2
-40.022,-74.868,5.6
28.967,-113.219,5.6
33.171,137.072,6.4
-54.213,143.824,6.0
-16.737,172.331,6.1
36.396,141.072,5.7
27.372,103.971,5.6
-17.256,-172.324,5.8
-8.316,121.374,5.5
51.146,178.65,7.8
51.275,177.611,5.5
51.105,178.124,5.5
51.045,178.888,5.8
12.025,125.416,6.5
-24.369,-179.713,5.6
-10.024,111.028,5.9
1.236,126.411,5.5
-15.883,-173.851,5.7
-4.265,152.71,5.8
-23.367,-67.547,5.6
-5.581,150.88,6.6
-1.908,-75.723,5.5
28.524,-43.732,5.6
53.607,-163.259,5.7
-3.119,127.39,5.6
-19.846,-178.198,5.5
-9.014,123.625,5.5
-39.233,-92.026,5.5
42.905,80.515,6.0
-20.842,-178.723,5.6
42.36,144.732,5.9
-5.937,149.745,5.5
55.538,165.78,6.7
51.09,178.261,5.6
51.334,-179.272,6.2
23.039,121.362,6.8
-27.961,-71.322,5.8
17.642,120.892,5.5
22.719,121.523,5.5
-16.547,-170.175,5.7
-1.062,126.991,5.7
-18.905,-177.342,5.7
-6.347,151.384,5.9
13.947,124.53,5.5
-3.77,-102.635,5.6
-0.769,-20.601,6.6
42.279,144.598,5.6
35.7188333,-121.1571667,6.48
35.7005,-121.1005,6.5
-0.696,-20.33,5.8
40.135,-29.692,5.6
26.317,125.775,5.7
-5.801,102.028,5.5
8.416,-82.824,6.5
-34.954,-178.249,6.0
-22.252,169.488,6.5
-22.305,169.531,6.0
28.995,58.311,6.6
-17.421,-178.877,5.5
-22.324,169.505,5.7
-22.273,169.314,6.8
-22.107,169.35,6.1
-22.015,169.766,7.3
-21.672,169.835,6.7
-21.648,169.766,6.3
-21.993,170.111,5.5
0.599,122.35,5.9
-21.921,169.886,5.5
42.423,144.613,6.1
-22.459,169.622,5.7
47.053,154.187,5.9
46.971,154.241,5.9
-21.476,169.859,5.5
-8.31,115.788,5.8
17.488,-101.303,6.1
17.42,-101.315,5.7
-22.376,169.728,6.0
-22.163,169.55,6.1
-22.323,169.641,5.8
-22.324,169.616,6.4
-22.3,169.535,5.5
-22.253,169.683,7.1
-22.438,169.919,6.1
-22.154,169.869,5.6
-3.589,151.016,5.6
8.389,-82.692,5.5
20.053,122.185,5.6
-5.996,149.301,5.8
-6.072,149.401,6.3
-6.314,128.041,5.5
-30.883,-71.656,5.7
-36.696,53.352,6.2
-16.237,-176.175,5.9
-20.14,-179.154,6.0
55.595,165.677,5.5
-21.997,170.246,5.8
16.108,-96.937,5.5
-6.083,149.684,5.6
-3.528,151.064,6.2
-0.398,132.091,5.6
7.641,-37.704,6.2
-47.038,-11.282,5.6
84.475,105.215,5.6
-62.445,-161.45,5.5
58.235,-151.221,5.5
-17.256,-176.903,5.5
-23.046,-69.891,5.9
-58.38,-139.718,5.5
52.122,-30.179,5.9
-16.83,-174.196,6.7
51.135,178.078,5.6
56.806,-156.757,5.6
-17.84,-71.07,5.8
-5.612,151.801,5.5
-1.682,138.984,5.7
-3.12,127.4,6.7
-35.418,-104.67,5.5
-50.206,-114.78,6.1
6.292,126.943,5.5
-20.815,-174.163,5.7
-13.525,-111.396,5.5
30.052,142.434,5.5
-31.664,179.701,5.8
-3.728,140.376,5.9
-26.134,-63.461,5.8
8.358,-82.877,6.1
-3.615,135.538,7.0
-3.658,135.364,5.9
-1.386,136.779,5.6
-4.003,135.023,7.3
-4.071,133.958,5.6
-3.665,135.339,6.7
-3.367,68.259,5.5
24.897,-112.393,5.5
59.373,-152.028,5.6
-3.526,135.581,5.7
-3.627,135.561,5.7
-19.226,-173.518,5.8
13.615,57.108,5.5
34.774,73.216,5.5
43.144,145.816,5.5
23.639,-108.821,5.9
-11.608,166.45,6.0
-58.425,-14.963,6.6
-1.559,100.488,6.0
18.505,145.387,5.7
-14.74,-175.63,6.3
35.142,-3.997,6.4
54.615,162.814,5.5
-20.667,-175.033,5.8
13.991,-92.145,5.9
-27.781,-176.54,5.6
8.288,123.515,5.5
-18.171,66.419,6.3
-53.159,159.651,6.0
-34.121,-112.516,5.7
37.136,22.116,5.6
11.61,-86.767,6.2
-32.405,-178.59,5.5
-3.414,145.35,5.6
-20.615,-178.837,5.6
-5.112,152.588,5.5
12.959,93.135,5.5
-32.544,-178.597,5.6
-32.381,-178.191,6.0
31.639,91.236,5.6
-32.527,-178.296,5.8
-20.856,-179.008,5.6
10.48,-43.919,6.0
-2.131,125.106,5.6
-65.198,179.71,5.9
-32.559,-177.97,5.8
-32.265,-178.358,6.2
-32.343,-178.119,5.7
-15.579,-175.096,6.0
36.397,70.774,5.8
-32.285,-178.369,5.6
-17.267,-172.316,6.1
2.07,126.695,5.5
-21.118,-65.586,6.1
34.589,23.326,6.1
11.155,124.708,5.5
-30.318,-178.082,5.5
-32.01,-66.699,5.5
-23.759,-176.002,6.2
-34.5,55.28,5.7
53.829,160.468,5.6
-22.938,-64.359,5.8
18.774,144.735,5.5
18.788,144.764,5.7
45.382,118.256,5.5
-6.184,129.121,5.6
39.93,40.812,5.6
41.863,144.209,5.8
-6.256,154.76,5.9
33.954,89.179,6.0
39.847,40.874,5.6
-25.184,-67.545,5.5
-0.01,124.932,5.6
-6.016,104.077,5.5
-29.987,-71.985,5.5
-20.535,-174.06,5.8
36.428,141.008,6.0
-23.525,-175.45,5.8
-20.436,-173.936,6.2
36.512,71.029,6.6
8.902,-84.126,5.5
-36.256,-97.827,6.4
-55.677,-27.874,5.5
-1.549,100.54,5.5
-13.174,167.198,6.5
-24.469,-176.011,5.5
8.044,137.215,5.8
-24.672,-176.173,5.7
-3.729,140.081,6.2
42.918,144.836,6.1
-22.485,169.716,5.5
-17.848,-174.559,6.0
55.226,162.659,6.2
-60.712,153.578,5.7
71.067,-7.747,6.0
-19.374,169.631,6.3
-19.371,169.549,5.7
8.904,94.022,5.6
-10.764,164.183,5.7
-24.522,-175.879,6.0
-8.669,114.65,5.5
-5.214,102.718,6.0
-10.893,165.919,5.6
-23.682,-179.983,5.6
-7.352,128.373,5.8
-6.39,129.977,5.7
3.614,-32.234,5.6
-17.587,167.888,6.0
-17.628,167.964,5.7
-3.355,146.853,6.0
-9.362,122.839,6.7
-21.899,-174.822,6.1
-28.985,-112.289,5.8
-29.105,-112.355,5.6
-21.779,169.576,5.8
-21.032,-174.432,5.8
-17.757,167.756,6.0
12.155,-87.426,5.6
-16.494,-173.041,5.7
10.805,-85.995,6.2
-21.044,-174.481,5.6
-37.695,-73.406,6.6
14.461,-90.726,5.7
-18.044,-172.55,5.7
37.506,96.758,5.5
-58.182,-11.385,5.9
38.507,14.814,5.5
-57.186,-25.41,5.5
-4.602,149.464,5.6
42.525,145.021,5.5
-15.759,-175.071,5.7
-21.988,170.276,6.3
-57.907,-25.535,5.5
21.949,121.604,5.6
37.485,96.604,5.6
0.415,97.825,6.1
12.702,-44.49,5.5
-3.584,150.73,6.4
11.743,144.247,5.8
-11.914,166.246,5.5
14.169,-93.076,5.5
23.095,121.814,5.6
-15.34,-173.423,5.8
-11.797,165.778,5.6
-11.914,166.338,5.8
-11.963,166.345,5.9
7.63,126.166,5.8
22.662,121.505,6.2
43.125,136.413,5.6
-20.901,-174.216,5.5
-32.614,-178.254,5.8
6.591,126.411,5.7
-14.199,-14.427,5.5
36.29,51.61,6.3
37.752,141.881,5.8
34.251,141.406,6.5
-17.243,-70.546,5.5
-31.052,-177.117,5.9
-9.037,67.253,5.7
-32.875,-179.447,6.2
-23.766,179.256,5.6
-30.481,-177.875,5.8
54.463,-163.852,5.6
-16.052,-173.854,5.6
-6.04,113.109,5.9
17.51,-83.458,5.9
-15.237,167.519,5.5
-51.603,139.615,6.4
11.453,-87.652,5.9
55.682,160.003,6.9
42.395,142.958,5.8
-30.257,-178.702,5.6
-17.891,-178.57,5.7
-22.087,-174.937,5.8
16.337,-97.845,5.9
-38.854,-73.155,6.1
-21.246,-68.372,5.7
5.347,-82.551,5.8
-10.902,166.259,5.9
-19.108,-175.747,5.6
-6.711,130.375,6.1
54.8,-134.25,6.8
-41.064,80.903,5.6
10.738,-87.043,6.3
-0.665,123.36,5.5
0.797,124.726,6.3
-49.581,163.669,6.2
-15.346,-173.554,5.8
54.131,-35.259,5.6
-23.073,-175.416,5.6
-25.541,-179.379,5.7
-5.91,148.662,5.6
-8.975,67.614,5.7
-17.431,168.21,5.8
47.198,151.303,6.4
-25.077,-116.167,5.7
-25.055,-115.964,6.0
-8.784,94.812,5.7
30.694,83.672,6.2
-20.252,-126.928,6.1
-24.259,-174.922,5.5
-17.639,-178.619,5.5
-17.656,-178.76,7.1
49.695,-126.855,5.9
-65.651,-179.574,6.2
34.746,140.218,5.6
-54.72,143.787,5.7
-38.0,176.51,5.6
49.623,-126.967,6.4
-20.317,169.372,5.8
19.639,146.808,5.9
26.489,128.894,6.1
26.488,128.754,5.5
-2.427,103.981,7.3
12.405,95.016,5.6
-0.443,133.091,6.5
-0.328,133.061,5.5
-10.308,161.168,5.7
12.455,94.997,5.9
12.445,95.003,5.6
-4.093,143.036,5.7
-57.261,-25.802,5.5
-63.204,-165.665,5.6
-63.38,-166.719,5.6
-63.563,-166.666,6.0
-13.387,-112.21,5.8
-5.471,102.623,5.6
36.833,27.815,5.6
52.315,159.563,5.6
13.965,146.366,5.5
12.43,94.998,5.6
51.753,-166.313,6.0
17.196,-95.218,5.9
-6.242,95.666,5.6
36.444,70.796,6.0
-3.162,150.294,5.5
39.633,141.956,5.7
38.377,39.261,5.7
-11.91,166.723,5.8
-6.238,-107.154,5.6
-26.368,-177.926,5.7
16.427,-94.944,5.9
13.817,123.995,5.5
-22.038,169.377,5.5
-25.015,-13.715,5.5
32.542,92.19,5.5
-27.42,-70.805,5.9
-35.173,-70.525,6.5
-8.82,157.354,5.6
-8.66,157.239,5.6
-8.689,157.253,5.7
-62.62,165.248,5.5
49.539,157.279,5.7
7.291,126.957,5.7
36.959,141.607,5.7
-60.935,160.156,5.8
-15.192,-173.375,5.6
-15.254,-173.34,6.2
-15.038,-173.479,5.6
-14.829,-173.243,5.7
-21.015,169.278,5.9
33.07,136.618,7.2
33.184,137.071,7.4
33.202,137.101,6.5
33.247,136.804,5.7
-55.372,-28.976,6.9
-55.261,-28.78,5.8
-55.369,-28.893,5.7
9.134,126.328,5.5
-55.22,-29.193,5.6
-55.36,-28.929,5.6
33.205,137.227,6.6
-28.573,-65.84,6.4
-34.006,-72.186,5.7
33.237,137.092,5.6
-15.153,-173.429,5.9
33.14,137.2,6.1
-52.157,-4.966,5.6
17.759,-81.55,6.0
33.059,136.497,5.6
-57.976,-25.342,6.1
-16.295,67.098,5.6
43.998,151.408,6.1
-22.665,-175.204,5.6
7.959,127.466,5.5
14.22,120.411,6.0
5.885,125.277,5.5
15.814,95.879,5.7
23.106,-67.614,5.7
-32.742,-179.719,5.6
52.205,174.027,6.2
-12.925,166.793,5.5
-55.102,-28.419,5.5
-15.599,-177.278,5.9
0.456,-26.403,5.9
28.565,-112.725,5.9
-32.688,-71.743,5.5
-52.515,28.016,6.4
35.8181667,-120.366,5.97
-15.69,-74.529,5.8
-58.719,-25.458,5.5
11.989,-86.52,5.6
3.615,128.386,5.6
-22.424,173.269,5.9
-56.559,-141.906,5.5
14.546,146.993,6.0
5.479,-82.689,5.5
35.95,139.919,5.8
-0.67,134.426,6.2
36.429,26.796,5.5
37.125,54.477,5.6
-10.951,162.161,6.8
13.925,120.534,6.5
-56.529,-26.868,5.8
-15.186,-173.284,5.9
11.422,-86.665,7.0
-60.736,-50.884,5.9
-6.689,130.435,5.5
5.389,126.437,5.8
-17.224,167.803,5.9
-14.816,-175.076,5.7
-17.08,174.474,5.5
-17.595,-178.922,5.5
-6.066,130.528,5.8
24.53,122.694,6.7
36.237,141.305,5.8
-14.027,166.612,6.1
14.166,40.296,5.5
-8.174,124.812,5.6
37.226,138.779,6.6
37.268,138.866,5.7
37.318,138.816,6.1
37.239,138.608,5.8
37.318,138.808,6.3
37.193,138.745,5.6
37.225,138.64,5.7
37.305,138.655,5.7
-62.088,154.624,5.5
-6.567,130.218,5.5
37.308,138.701,5.7
-8.861,124.343,5.5
0.853,-28.991,5.6
31.024,81.154,5.6
-9.687,160.616,5.5
-57.067,-24.829,6.0
-57.071,-24.679,6.4
-56.984,-24.638,5.5
37.284,138.885,6.0
45.787,26.622,5.9
15.643,119.11,5.5
-15.473,168.082,5.7
28.702,143.214,5.7
49.277,-128.772,6.7
-30.956,-178.846,5.6
14.474,146.842,6.0
43.62,146.812,5.9
-4.361,143.925,6.0
-18.579,168.967,5.7
47.948,144.477,6.2
-55.5,-29.049,5.8
37.396,138.862,5.5
33.721,138.403,5.6
24.104,122.542,6.3
11.619,140.695,5.5
-11.15,163.706,6.9
-21.192,-176.103,5.6
24.41,122.226,5.7
42.139,144.344,6.1
-11.266,162.123,5.9
-11.128,162.208,6.7
-11.109,161.915,5.5
-8.152,124.868,7.5
-7.952,125.23,5.5
-7.964,125.384,5.5
-8.255,124.93,6.4
-26.705,-63.319,6.1
-11.156,162.284,5.8
8.425,-102.953,5.6
8.284,-103.002,5.6
-10.251,164.657,5.9
-26.748,-63.361,5.8
-11.002,163.621,5.6
41.715,144.049,5.5
4.695,-77.508,7.2
-5.627,151.452,6.1
39.189,71.857,5.8
-20.068,-178.71,6.6
-21.059,-179.062,5.7
-3.405,126.186,5.5
9.602,-84.172,6.4
13.376,-90.056,6.3
-15.403,-174.908,6.0
15.679,-61.706,6.3
-46.676,164.721,7.1
40.324,20.629,5.5
-24.294,178.99,5.9
-3.609,135.404,7.1
-3.5,135.343,5.9
-3.595,135.358,5.5
42.377,142.899,5.7
-3.619,135.432,5.8
-26.525,-113.834,6.6
-3.638,135.445,6.2
43.006,145.119,7.0
42.984,145.083,5.9
-3.665,135.528,5.6
-3.375,135.413,5.6
-3.351,135.452,5.7
10.49,-61.48,5.8
-34.439,179.32,5.7
42.9,145.228,6.8
-18.481,-178.076,6.1
-30.84,-71.223,5.8
-18.928,169.015,5.8
10.874,141.781,5.5
-4.613,149.779,5.5
-3.489,145.196,5.5
-8.059,125.068,5.5
13.385,-89.37,6.0
44.119,141.793,5.8
18.958,-81.409,6.8
-21.901,-179.301,5.8
48.837,156.309,6.2
48.772,156.174,5.6
-16.052,-174.785,5.8
-16.2,-73.925,5.8
9.38,-78.82,5.5
7.38,123.778,5.7
-18.105,-178.853,5.8
-15.265,-75.17,5.5
-15.873,-174.631,5.8
42.955,145.414,5.6
-55.942,-124.997,6.1
-49.312,161.345,8.1
-49.31,161.448,5.6
-20.358,-178.668,5.8
3.295,95.982,9.1
4.942,94.267,5.5
6.34,93.361,6.1
7.421,93.985,6.0
5.499,94.213,6.1
20.908,97.71,5.8
8.826,93.708,5.5
7.764,93.713,5.5
5.429,94.465,5.7
6.848,94.667,6.0
6.17,93.473,5.6
12.321,92.499,5.7
8.868,92.467,5.7
3.99,94.139,5.7
12.183,92.936,5.8
8.493,92.353,5.6
4.235,93.607,5.7
12.504,92.604,5.8
3.183,94.377,5.7
8.615,92.326,5.5
13.745,93.009,5.9
7.21,92.924,5.6
3.548,94.289,5.5
4.473,94.068,5.8
5.532,94.334,5.6
5.049,94.771,5.7
6.789,94.082,5.5
4.983,94.72,5.8
6.91,92.958,7.2
8.273,94.057,5.7
10.984,92.282,5.5
10.363,93.747,5.6
13.13,93.035,5.7
7.808,93.428,6.0
8.128,94.066,5.5
8.879,92.375,6.6
8.857,93.738,5.5
13.462,92.738,6.3
7.633,92.314,5.5
10.07,93.834,5.5
13.533,92.84,6.2
2.779,94.467,5.9
13.59,92.91,5.7
3.651,94.086,6.0
3.864,94.501,5.5
13.71,92.953,5.5
4.093,94.217,5.6
-1.527,138.766,5.7
2.794,94.162,6.1
6.318,126.92,5.5
4.471,96.342,5.5
5.476,94.467,5.8
8.472,92.394,5.5
12.982,92.395,5.8
-4.198,152.796,5.6
3.033,95.538,5.6
2.709,94.512,5.5
6.477,93.279,5.6
5.348,94.65,6.1
7.706,92.645,5.7
4.724,95.11,5.7
12.35,92.469,5.6
11.586,92.499,5.5
2.93,95.606,5.8
7.064,91.786,5.7
7.655,94.135,5.5
4.732,95.205,5.8
53.216,-173.795,5.8
8.378,93.156,5.9
9.109,93.756,6.1
8.791,93.198,6.2
8.822,93.088,5.9
28.919,130.444,5.7
38.455,142.018,5.7
5.531,94.277,5.7
5.23,94.625,5.6
12.237,92.515,5.7
7.12,92.533,6.1
7.636,93.947,5.6
6.204,92.913,6.0
4.73,95.14,5.9
2.91,95.623,5.7
5.465,94.398,5.7
5.099,92.304,6.7
8.115,93.218,5.5
7.336,94.455,6.1
7.192,92.765,5.5
3.242,95.462,5.9
6.36,92.787,6.4
-50.659,161.866,6.1
10.672,92.362,6.1
10.556,91.727,5.7
3.527,93.655,5.5
5.489,94.392,5.9
19.573,-109.111,5.7
19.638,-109.108,5.5
5.604,93.249,5.5
5.323,94.835,5.7
1.414,125.768,5.5
-52.57,27.612,5.6
10.906,91.795,5.5
-55.299,-27.956,6.0
4.926,95.108,6.1
10.528,92.282,5.5
37.017,27.804,5.5
-0.878,-21.194,6.8
6.041,126.297,5.5
-4.238,152.717,6.1
3.135,93.922,5.6
14.57,92.387,5.5
-6.462,105.236,6.0
-25.528,-176.299,6.2
10.934,140.842,6.6
10.986,140.682,6.1
57.049,-33.811,5.7
42.946,144.866,6.3
-22.905,179.037,5.8
34.064,141.491,6.6
34.021,141.553,5.7
-1.134,-80.829,6.0
5.186,125.245,5.9
34.003,141.367,5.8
-32.78,-178.762,5.5
-31.61,-177.929,5.7
14.554,92.938,5.5
-7.727,159.475,6.4
-5.849,151.582,5.5
-13.882,66.191,5.5
-1.198,119.933,6.3
35.796,29.641,5.8
7.33,92.482,6.3
-2.332,-80.646,5.6
-1.364,-80.785,6.1
-1.398,-80.91,5.8
37.622,43.703,5.9
8.25,94.038,5.6
-6.764,129.568,5.6
2.699,94.602,6.2
8.018,94.063,5.5
7.944,94.059,5.7
7.91,94.03,5.5
7.951,94.268,5.5
8.015,94.002,5.5
7.994,94.155,5.5
7.877,94.093,5.9
7.858,94.107,5.6
5.511,94.306,5.5
7.9,93.993,5.5
7.907,94.033,5.7
7.969,94.13,5.6
-1.183,-81.499,6.1
-1.089,-81.157,6.2
7.989,94.114,5.5
3.325,93.7,5.5
-56.809,-141.032,5.6
7.909,94.386,5.6
-1.626,-15.516,5.5
-0.793,-81.065,5.7
-24.422,-175.996,5.6
-22.899,-175.169,5.5
8.117,94.056,5.5
37.535,20.155,5.7
-56.082,-27.403,5.6
-20.398,-175.982,5.5
-6.498,154.532,5.5
9.962,93.96,5.5
14.08,144.715,6.3
-7.476,145.044,5.6
5.623,93.249,5.5
16.011,145.867,6.6
2.255,94.992,6.0
5.293,123.337,7.1
8.106,94.185,5.9
-52.824,140.228,5.6
-4.525,153.187,6.1
-14.252,167.259,6.7
4.797,95.117,6.0
26.088,143.997,6.3
13.686,120.791,5.5
5.268,-82.627,5.7
-15.111,-173.745,5.6
-23.097,169.219,6.3
60.104,-139.343,5.5
-0.127,98.729,5.8
15.775,-61.744,5.8
41.728,79.44,6.1
4.756,126.421,6.5
35.982,139.686,5.5
8.097,93.945,5.9
-36.32,-16.558,6.6
-56.132,-27.418,5.6
4.702,95.156,5.7
-5.812,150.481,5.5
-1.768,-81.046,5.5
5.446,94.416,5.6
-5.562,122.129,6.5
-4.694,153.108,5.5
30.754,56.816,6.4
12.582,123.177,5.8
33.182,137.154,5.6
10.829,91.772,5.5
25.669,-109.97,5.6
-6.245,150.66,6.0
-6.268,150.692,5.6
-20.885,-113.677,5.7
2.891,95.729,5.6
7.831,94.101,5.6
38.107,72.707,5.7
40.731,142.376,5.7
2.908,95.592,6.8
-17.72,-178.594,5.7
18.764,-104.592,5.6
-34.923,-107.865,5.9
-24.964,-112.124,5.6
-6.527,129.933,7.1
2.67,126.407,5.9
24.637,121.935,5.7
24.722,121.918,5.7
-11.062,163.207,5.9
-11.045,163.045,6.1
84.948,99.391,6.3
-11.046,162.859,5.6
11.371,-85.936,5.6
85.247,92.895,5.5
43.085,144.674,5.5
39.44,40.978,5.6
27.095,61.887,6.0
5.486,94.595,5.5
39.354,40.89,5.8
-27.737,73.826,5.6
11.239,-86.067,5.8
-24.369,179.923,5.5
-5.637,102.752,5.5
-52.364,159.579,5.6
15.144,-91.381,6.1
4.863,95.089,5.7
-20.407,-174.337,6.1
-21.893,-179.547,6.3
33.807,130.131,6.6
-7.945,124.825,5.8
-24.983,-63.47,6.9
-24.725,-63.507,6.4
-55.475,-1.54,5.8
39.431,40.925,5.7
5.489,94.374,5.8
-4.894,129.938,6.1
2.085,97.108,8.6
1.114,97.005,5.8
1.23,97.487,5.9
2.087,96.503,5.5
0.923,97.867,6.1
1.014,97.821,5.8
0.172,97.043,5.7
2.889,96.411,5.6
0.185,97.095,5.5
2.648,96.581,5.9
1.777,99.207,5.5
1.773,97.095,5.7
-10.246,161.315,5.7
2.993,95.414,6.3
2.931,95.423,5.6
-22.459,-179.754,6.1
-18.545,176.013,5.9
-18.448,175.99,6.0
1.701,97.119,5.8
0.323,98.109,5.6
78.607,6.098,6.1
0.368,98.319,6.0
13.559,120.801,5.6
2.022,97.942,6.3
1.605,97.872,5.6
-3.984,102.415,5.6
0.607,97.424,5.6
2.966,126.48,5.9
30.491,83.662,6.3
0.679,97.38,5.7
-0.215,97.731,6.1
-23.144,169.265,6.1
-47.255,100.337,5.8
56.168,-154.524,6.0
-53.446,25.316,5.7
-1.644,99.607,6.7
-1.606,99.618,5.7
-1.714,99.779,6.5
-1.619,99.594,5.5
-1.705,99.72,5.8
-1.63,99.641,5.6
-1.777,99.934,5.5
-1.591,99.717,6.4
35.604,140.401,5.9
2.169,96.759,6.1
2.075,96.829,5.5
8.66,-103.564,5.5
-3.484,145.909,6.6
-7.293,-77.886,6.0
-21.975,170.612,6.7
-1.915,99.951,5.7
-22.201,171.445,5.6
-54.991,-132.102,5.9
1.812,97.662,6.4
-17.647,-69.663,5.8
0.307,97.663,5.5
29.642,138.891,5.9
33.637,130.179,5.5
51.306,-178.409,5.9
-59.381,149.343,5.5
-27.093,-176.53,5.6
0.364,97.275,5.6
19.691,-109.278,5.6
-15.302,-176.352,5.6
-19.106,-176.532,5.6
2.132,96.799,6.2
-14.922,-74.623,5.9
-19.407,-173.829,5.9
-19.968,66.474,5.5
5.71,-82.845,6.5
5.082,-82.406,5.9
20.351,-109.194,5.9
-19.987,168.852,5.5
-6.226,103.139,6.3
-57.382,-139.231,6.5
-7.501,156.113,5.7
0.587,98.459,6.7
-22.696,-176.65,5.7
-45.614,96.051,5.9
-32.589,-179.353,6.6
-56.413,-26.863,6.0
-15.318,-173.24,6.2
5.593,93.271,5.7
5.439,93.357,6.1
60.018,-152.693,5.5
1.989,97.041,6.9
-24.529,178.84,6.0
-3.286,-80.987,6.3
5.281,94.797,5.6
5.691,93.215,5.7
16.207,144.923,5.5
-30.106,-178.012,5.9
31.4,131.202,5.7
5.241,94.432,5.5
-62.827,155.776,5.7
28.881,94.626,5.8
-20.206,178.885,5.6
-24.221,-67.003,6.1
1.455,97.146,5.8
-18.259,-173.196,5.5
-6.319,146.846,6.1
23.674,-108.366,5.6
39.22,41.08,5.6
-29.522,-179.122,5.7
-62.43,-161.496,5.8
2.17,96.724,6.1
-35.904,-102.907,5.6
51.554,-131.125,5.8
51.185,179.548,5.6
1.813,97.089,5.5
-55.237,-123.843,5.6
52.789,143.867,5.6
-56.293,-27.075,6.0
2.087,126.572,5.9
2.741,94.169,5.8
-19.987,-69.197,7.8
-18.719,-174.715,5.7
51.017,179.601,5.6
51.239,179.314,6.8
50.979,179.433,5.6
41.292,-125.953,7.2
-4.595,153.191,6.2
-44.865,-80.562,6.4
40.773,-126.574,6.6
-23.949,-111.983,5.7
35.612,140.479,5.7
-26.718,-176.174,5.8
-19.985,-68.807,5.5
-36.155,-100.959,5.8
-29.261,-112.51,5.5
1.769,125.825,5.7
18.781,-107.298,6.2
-26.928,-176.289,5.8
-10.931,162.4,5.6
8.447,-82.873,5.9
36.569,71.32,5.6
31.922,139.057,5.5
11.245,-86.172,6.6
11.407,-86.252,5.8
-42.283,42.37,6.3
1.819,97.082,6.7
3.958,93.422,5.6
-35.79,-102.807,5.9
69.004,-16.637,5.6
56.068,164.605,5.6
2.75,126.529,5.9
33.422,140.825,5.8
-1.174,119.963,5.9
-36.31,-97.264,6.1
-23.818,-111.68,5.7
1.274,97.226,5.6
-26.872,-176.524,5.6
-27.001,-176.322,6.0
-6.829,131.405,5.7
10.351,92.903,5.5
-17.847,-70.109,5.9
-57.301,-147.642,5.7
-9.911,124.238,5.5
-0.157,125.148,5.8
-20.381,168.911,5.5
-15.216,167.561,5.5
35.498,139.982,5.9
-30.254,-178.068,6.0
36.387,70.718,5.5
12.078,-85.971,5.6
7.92,92.19,7.2
8.123,91.926,5.6
71.111,-7.432,5.5
-56.027,-27.76,5.6
45.365,-112.615,5.6
52.871,160.105,5.8
-15.345,-72.962,5.9
52.906,-168.647,5.6
2.857,93.558,5.5
-61.474,154.249,6.0
5.177,94.476,5.8
46.995,153.911,5.7
-4.003,128.819,5.6
3.008,128.15,5.9
11.247,-85.541,6.3
-3.657,140.178,5.8
-26.634,-114.504,5.8
-59.768,-25.886,5.6
51.235,-178.254,5.8
85.263,97.163,5.5
-19.614,-175.85,6.0
11.714,125.646,5.5
-47.09,33.62,6.2
-14.449,-177.293,6.0
-14.435,-177.242,5.8
36.326,141.367,5.5
-3.795,140.156,5.9
-20.942,173.825,6.1
7.738,94.13,5.5
-21.097,173.874,6.1
-22.677,169.509,6.2
-21.899,170.282,5.6
20.134,145.801,6.0
-19.78,-68.98,5.8
-3.721,140.124,5.6
38.276,142.039,7.2
-21.145,169.982,5.5
1.331,-85.212,5.5
-3.999,-104.025,5.8
38.48,143.154,5.9
38.564,142.987,6.1
10.078,-103.548,5.7
-23.66,-179.977,5.7
14.417,52.365,6.2
6.817,-82.432,6.1
-2.35,138.219,5.6
38.481,143.175,6.1
-59.36,-27.104,5.5
-24.411,179.892,5.6
2.451,98.923,5.5
10.364,138.324,5.7
-49.93,-8.955,5.7
-43.003,-82.858,5.6
-17.108,-176.775,5.6
3.004,123.073,6.0
-56.41,-142.392,6.2
24.084,122.191,5.8
0.029,97.604,5.6
-5.902,128.713,5.5
0.77,126.283,5.7
-41.879,85.059,5.5
-55.645,-27.102,5.7
-4.539,153.474,7.6
-31.68,-69.136,5.8
-56.038,-27.905,5.6
-5.15,154.076,5.6
4.862,95.044,5.8
-17.417,-177.32,5.7
8.073,91.912,5.5
-5.622,153.592,5.7
3.918,-82.639,5.6
24.561,94.781,5.7
43.892,146.145,6.1
-16.674,-172.655,5.8
16.129,-87.473,5.9
12.471,40.634,5.5
-17.515,167.801,6.1
-17.395,167.884,5.6
-17.484,167.774,5.6
-17.56,167.444,5.6
-5.678,-76.398,7.5
-5.437,151.84,6.6
-5.563,151.865,6.2
-5.478,151.805,5.7
-5.668,151.683,5.8
-23.609,-63.632,5.6
-5.595,151.651,5.8
5.509,94.368,5.5
5.233,95.577,5.7
-20.535,-174.277,5.9
13.295,-89.347,5.7
34.539,73.588,7.6
34.238,73.579,5.9
34.994,73.781,5.7
34.353,73.477,5.8
34.712,73.239,5.6
34.515,73.323,5.6
34.65,73.125,5.7
1.957,97.853,5.6
