01,1968,23
01,1971,34
01,1972,32
01,1994,32
01,2002,46
01,2014,24
02,1970,33
02,1980,32
03,1966,23
03,1971,28
03,1980,27
03,1996,53
03,2000,30
03,2004,42
04,1974,21
04,1978,29
04,1984,39
04,1991,44
04,1994,43
04,1997,56
04,2007,81
04,2010,38
05,1982,21
05,1984,42
05,1985,37
05,1988,44
05,1996,29
05,1999,38
05,2005,29
05,2014,56
06,1989,31
06,1991,36
06,1998,24
06,2008,41
07,1966,12
07,1973,38
07,1975,51
07,1976,34
07,1993,36
07,1999,34
07,2012,34
08,1970,27
08,1976,41
08,1984,35
08,1991,36
08,2001,33
08,2006,34
08,2011,51
09,1993,60
09,1996,61
09,2005,37
09,2007,64
09,2008,39
09,2013,39
09,2014,31
10,1972,29
10,1980,42
10,1998,32
10,2003,36
10,2006,41
10,2009,82
10,2011,37
11,1977,43
11,1983,36
11,1995,39
11,2012,41
12,1966,17
12,1982,53
12,1988,34
12,1989,49
12,1996,39
12,1999,58
12,2001,34
12,2004,112
12,2010,49
