01,1969,26
01,1974,33
01,1976,61
01,1981,40
01,1985,37
01,1990,43
01,1997,23
01,2004,50
01,2005,82
01,2009,49
02,1979,25
02,1988,46
02,1993,27
03,1968,16
03,1969,30
03,1989,26
03,1994,24
03,2001,29
03,2002,43
04,1981,25
04,1983,42
04,1989,45
04,1992,49
04,2009,40
05,1967,12
05,1968,49
05,1972,31
05,1991,34
05,2003,43
05,2004,38
05,2013,44
06,1975,39
06,1981,16
06,1984,34
06,2006,30
06,2007,35
06,2010,37
06,2012,37
07,1968,23
07,1970,22
07,1979,25
07,1987,41
07,1997,31
07,2007,44
07,2011,63
08,1975,32
08,1982,27
08,2008,46
09,1968,26
09,1970,19
09,1971,39
09,1972,44
09,1974,30
09,1975,30
09,1988,32
09,1998,38
09,2012,31
09,2016,46
10,1976,24
10,1977,53
10,1979,40
10,1982,21
10,1991,34
10,1995,57
10,1996,47
10,1999,34
10,2015,28
11,1966,13
11,1978,27
11,1979,32
11,1980,21
11,1982,22
11,2000,83
11,2006,65
12,1967,18
12,1972,46
12,1977,37
12,1986,36
12,1993,31
12,1995,60
