01,1977,29
01,1984,41
01,1986,32
01,2001,55
02,1985,25
02,1987,49
02,2008,40
02,2010,76
02,2011,41
02,2013,82
02,2014,29
02,2015,33
03,1974,28
03,1988,49
03,1999,41
03,2007,50
03,2010,61
03,2013,28
03,2015,35
04,1965,33
04,1966,21
04,1987,34
04,2008,49
05,1965,22
05,1974,37
05,1975,29
05,1980,30
05,1993,52
05,1997,44
05,1998,39
05,2009,32
06,1965,32
06,1969,18
06,1977,25
06,1983,35
06,1987,55
06,2014,44
07,1965,21
07,1980,34
07,1981,19
07,1989,26
07,1990,50
07,1991,33
07,1995,48
07,1998,31
07,2003,50
07,2005,41
07,2015,40
08,1971,36
08,1974,36
08,1993,42
08,1994,48
08,1996,50
08,2002,39
08,2003,44
08,2004,31
08,2015,33
09,1990,41
09,2001,33
09,2004,47
09,2006,36
09,2010,43
10,1967,17
10,1968,24
10,1988,29
10,2004,50
10,2008,43
10,2016,36
11,1972,35
11,1991,31
11,1997,46
11,2008,49
11,2015,52
12,1965,20
12,1973,37
12,1976,31
12,1992,46
12,2003,44
12,2006,43
12,2009,41
12,2016,53
