01,1967,36
01,1973,23
01,1987,36
01,1988,42
01,1991,42
01,1995,48
01,1996,32
01,2003,35
01,2008,38
02,1967,18
02,1971,28
02,1978,38
02,1983,28
02,1991,31
02,2004,34
02,2006,30
02,2009,42
02,2016,24
03,1977,35
03,1981,28
03,1990,41
03,1998,31
03,2003,41
03,2005,52
03,2006,45
03,2009,32
03,2014,50
04,1970,42
04,1979,24
04,1980,24
04,1985,44
04,1999,30
04,2001,36
05,1979,40
05,1981,16
05,1986,64
05,1994,51
05,2000,31
05,2001,28
05,2002,32
05,2012,33
05,2015,46
06,1974,29
06,1979,24
06,1980,41
06,1993,39
06,1997,27
06,1999,26
06,2002,39
06,2009,32
06,2013,30
07,1974,28
07,1994,42
07,1996,33
07,2000,48
07,2009,35
07,2016,36
08,1965,34
08,1972,40
08,1973,37
08,1981,18
08,2000,47
08,2010,43
08,2012,38
09,1983,30
09,1987,41
09,2000,37
09,2002,44
10,1974,35
10,1989,41
10,1990,29
10,1993,39
10,1994,61
11,1970,33
11,1989,43
11,2001,26
12,1970,36
12,1978,32
12,1980,34
12,1984,41
12,1987,31
12,2000,49
