01,1970,25
01,1978,28
01,1982,43
01,1983,46
01,1998,45
01,1999,33
01,2000,52
01,2007,49
01,2013,23
02,1966,27
02,1968,20
02,1974,33
02,1986,22
02,1992,32
02,1997,25
03,1970,26
03,1982,27
03,1984,41
03,1995,35
03,2011,228
04,1969,31
04,1972,28
04,1975,33
04,1977,35
04,1988,36
04,2000,32
04,2002,31
04,2003,31
04,2006,50
04,2011,52
04,2015,30
05,1971,36
05,1973,22
05,1976,49
05,1983,38
05,1987,36
05,1990,53
05,1995,64
06,1985,38
06,1992,52
06,2015,31
07,1967,15
07,1969,22
07,1971,64
07,1982,22
07,1984,37
07,1985,37
07,1986,55
07,2013,36
07,2014,41
08,1980,13
08,1983,37
08,2005,37
09,1965,28
09,2003,59
09,2015,66
10,1965,17
10,1970,22
10,1981,25
10,2001,40
10,2002,46
10,2005,48
10,2012,40
11,1971,18
11,1976,39
11,1988,52
11,1990,38
11,1993,33
11,1998,36
11,2002,37
11,2009,40
11,2011,40
11,2014,37
11,2016,44
12,1968,21
12,1969,21
12,1981,27
12,1983,44
12,1998,24
12,2015,27
