01,1965,13
01,1975,27
01,1979,28
01,2011,42
01,2016,37
02,1965,54
02,1969,21
02,1973,32
02,1976,44
02,1977,20
02,1982,18
02,1984,29
02,1989,47
02,2000,30
02,2001,45
02,2003,28
03,1973,40
03,1979,25
03,1985,65
03,1986,44
03,1991,32
04,1967,19
04,1986,27
04,2005,47
04,2013,41
05,1966,22
05,1969,17
05,2006,48
05,2007,44
05,2011,48
05,2016,30
06,1968,31
06,1971,18
06,1972,23
06,1986,46
06,2001,47
06,2003,31
06,2005,40
06,2016,41
07,1972,25
07,1978,21
07,1992,51
07,2004,37
07,2006,55
08,1977,53
08,1979,26
08,1986,42
08,1990,46
08,1992,42
08,1999,40
08,2007,58
09,1966,12
09,1977,44
09,1978,37
09,1980,19
09,1982,38
09,1994,38
09,1995,37
09,2009,44
10,1966,13
10,1969,24
10,1987,44
10,1992,51
10,2007,38
11,1967,27
11,1969,14
11,1975,36
11,1986,32
11,1992,42
11,2005,38
11,2010,34
12,1971,25
12,1985,37
12,1994,42
12,2005,32
12,2008,39
12,2014,32
