01,1966,12
01,1992,19
01,1993,37
01,2010,57
02,1972,24
02,1975,25
02,1999,32
02,2002,28
02,2005,50
03,1967,23
03,1975,29
03,1976,28
03,1987,62
03,1992,39
03,1993,42
03,1997,38
03,2016,30
04,1968,13
04,1971,26
04,1990,55
04,1993,28
04,1996,33
04,1998,30
04,2012,58
04,2014,68
05,1970,27
05,1977,26
05,1992,56
05,2008,46
05,2010,36
06,1970,33
06,1982,27
06,1994,47
06,1995,38
06,2000,58
07,1977,25
07,1983,39
07,1988,49
07,2001,37
07,2008,38
07,2010,48
08,1967,24
08,1969,62
08,1985,45
08,1987,28
08,1989,44
08,1995,64
08,1997,31
08,2009,48
08,2013,33
08,2014,34
09,1967,24
09,1969,37
09,1979,35
09,1981,42
09,1985,39
09,1989,39
09,1992,54
09,2011,40
10,1971,34
10,1973,18
10,1978,19
10,1983,44
10,1984,42
10,1985,34
10,1997,44
10,2000,56
10,2010,38
10,2013,32
11,1965,27
11,1968,19
11,1973,39
11,1974,29
11,1981,33
11,1985,38
11,1987,48
11,1994,28
11,2003,43
11,2004,54
11,2007,57
12,1974,22
12,1975,31
12,1979,32
12,1990,53
12,1997,55
12,2002,36
12,2011,28
12,2012,31
