01,1980,31
01,1989,33
01,2006,31
01,2012,31
01,2015,25
02,1981,32
02,1990,38
02,1994,52
02,1995,47
02,1996,57
02,1998,27
02,2007,41
02,2012,38
03,1965,38
03,1972,31
03,1978,66
03,1983,34
03,2008,40
03,2012,33
04,1973,28
04,1976,34
04,1982,27
04,1995,54
04,2004,48
04,2016,57
05,1978,37
05,1989,56
06,1966,27
06,1967,22
06,1973,52
06,1976,38
06,1978,38
06,1988,26
06,1990,41
06,1996,52
06,2004,28
06,2011,43
07,2002,23
08,1966,35
08,1968,40
08,1978,38
08,1988,50
08,1998,31
08,2016,35
09,1973,35
09,1976,34
09,1984,45
09,1986,27
09,1991,22
09,1997,36
09,1999,36
10,1975,50
10,1986,58
10,2014,34
11,1984,56
11,1996,55
11,1999,44
11,2013,43
12,1991,54
12,2007,47
12,2013,30
